4.439290364583333037e+00
4.435221354166666963e+00
4.439290364583333037e+00
4.410807291666666963e+00
4.443359375000000000e+00
4.406738281250000000e+00
4.288736979166666963e+00
1.839477539062500000e+02
4.998779296875000000e+02
1.385498046875000000e+01
3.708496093750000000e+01
8.907063802083333925e+00
1.386311848958333215e+01
2.312011718750000000e+01
3.719482421875000000e+01
6.499837239583334281e+01
9.909261067708332860e+01
1.416585286458333428e+02
1.879353841145833144e+02
2.278686523437500000e+02
2.583902994791666288e+02
2.713541666666666856e+02
2.617106119791666856e+02
2.526041666666666856e+02
2.369466145833333144e+02
2.159505208333333144e+02
1.963094075520833428e+02
1.828613281250000000e+02
1.699991861979166856e+02
1.565307617187500000e+02
1.450764973958333428e+02
1.383829752604166856e+02
1.266967773437500142e+02
1.164876302083333286e+02
1.096638997395833286e+02
1.048299153645833286e+02
9.672444661458332860e+01
9.359130859375000000e+01
8.650309244791667140e+01
8.068847656250000000e+01
7.518717447916665719e+01
7.027180989583332860e+01
6.806640625000000000e+01
6.209716796875000000e+01
5.995686848958333570e+01
5.869954427083333570e+01
5.429280598958332860e+01
5.287272135416666430e+01
4.966634114583333570e+01
4.712320963541667140e+01
4.635009765625000000e+01
4.281819661458332860e+01
4.179687500000000000e+01
4.003906250000000000e+01
3.884684244791667140e+01
3.562418619791666430e+01
3.387451171875000000e+01
3.434651692708333570e+01
3.293863932291666430e+01
3.280843098958332860e+01
3.033447265625000000e+01
2.927652994791666785e+01
2.808024088541666785e+01
2.794189453125000000e+01
2.531331380208333570e+01
2.490641276041666785e+01
2.494710286458333570e+01
2.371012369791666430e+01
2.275390625000000000e+01
2.248128255208333215e+01
2.326660156250000000e+01
2.124023437500000000e+01
2.130533854166666785e+01
2.030843098958333570e+01
1.946614583333333215e+01
1.892903645833333215e+01
1.943766276041666430e+01
1.766764322916666430e+01
1.823323567708333570e+01
1.801350911458333215e+01
1.671549479166666785e+01
1.776123046875000000e+01
1.707763671875000000e+01
1.614990234375000000e+01
1.514892578125000000e+01
1.498209635416666607e+01
1.420084635416666607e+01
1.490885416666666785e+01
1.503906250000000000e+01
1.337076822916666607e+01
1.346028645833333393e+01
1.318766276041666607e+01
1.303710937500000000e+01
1.263834635416666607e+01
1.252441406250000000e+01
1.214599609375000000e+01
1.206868489583333215e+01
1.222737630208333393e+01
1.201171875000000000e+01
1.129557291666666607e+01
1.053059895833333393e+01
1.083984375000000000e+01
1.110026041666666785e+01
1.068115234375000000e+01
1.070556640625000000e+01
9.810384114583332149e+00
9.790039062500000000e+00
1.004638671875000000e+01
9.867350260416666075e+00
9.684244791666666075e+00
9.973144531250000000e+00
9.265136718750000000e+00
9.521484375000000000e+00
9.016927083333332149e+00
8.715820312500000000e+00
8.837890625000000000e+00
8.557128906250000000e+00
8.666992187500000000e+00
9.008789062500000000e+00
8.874511718750000000e+00
8.939615885416666075e+00
8.496093750000000000e+00
8.634440104166666075e+00
8.483886718750000000e+00
7.861328125000000888e+00
8.015950520833333925e+00
8.553059895833332149e+00
8.101399739583332149e+00
8.247884114583332149e+00
7.967122395833333037e+00
8.138020833333333925e+00
8.256022135416667851e+00
8.292643229166667851e+00
8.015950520833333925e+00
8.015950520833333925e+00
7.564290364583333925e+00
7.938639322916666075e+00
7.645670572916666963e+00
7.238769531250000000e+00
7.271321614583333925e+00
7.649739583333333037e+00
7.491048177083333037e+00
7.600911458333333037e+00
7.194010416666666075e+00
7.450358072916666075e+00
6.953938802083333925e+00
6.958007812500000000e+00
7.047526041666666963e+00
7.002766927083333037e+00
6.929524739583333037e+00
6.876627604166666963e+00
6.945800781250000000e+00
6.958007812500000000e+00
7.063802083333333037e+00
7.246907552083333037e+00
6.807454427083333037e+00
6.746419270833333037e+00
6.872558593750000000e+00
6.465657552083333925e+00
6.693522135416666963e+00
6.583658854166666075e+00
6.697591145833333037e+00
6.669108072916666963e+00
6.567382812500000000e+00
6.595865885416666075e+00
6.823730468750000000e+00
6.685384114583333037e+00
6.945800781250000000e+00
6.343587239583333925e+00
6.136067708333333037e+00
6.225585937500000000e+00
6.542968750000000000e+00
6.620279947916666963e+00
6.608072916666666963e+00
6.636555989583333037e+00
6.363932291666666963e+00
6.258138020833333037e+00
6.547037760416666963e+00
6.123860677083333037e+00
6.180826822916666963e+00
5.973307291666666075e+00
5.871582031250000000e+00
6.079101562500000000e+00
5.993652343750000000e+00
6.001790364583333037e+00
6.384277343750000000e+00
6.315104166666666963e+00
6.095377604166666075e+00
6.095377604166666075e+00
6.176757812500000000e+00
5.777994791666666963e+00
6.026204427083333037e+00
5.904134114583333037e+00
5.635579427083333037e+00
5.867513020833333925e+00
5.574544270833333037e+00
5.684407552083333925e+00
5.664062500000000000e+00
5.875651041666666963e+00
5.696614583333333037e+00
5.476888020833333037e+00
6.038411458333333925e+00
5.782063802083333037e+00
5.603027343750000000e+00
5.664062500000000000e+00
5.603027343750000000e+00
5.607096354166666075e+00
5.582682291666666963e+00
5.773925781250000000e+00
5.415852864583333037e+00
5.301920572916666075e+00
5.834960937500000000e+00
5.550130208333333925e+00
5.493164062500000000e+00
5.594889322916666963e+00
5.476888020833333037e+00
5.761718750000000000e+00
5.578613281250000000e+00
5.485026041666666075e+00
5.676269531250000000e+00
5.387369791666666963e+00
5.326334635416666963e+00
5.293782552083333037e+00
5.468750000000000000e+00
5.419921875000000000e+00
5.240885416666666075e+00
5.244954427083333925e+00
5.204264322916666963e+00
5.139160156250000000e+00
5.086263020833333037e+00
5.208333333333333037e+00
5.196126302083333925e+00
5.021158854166666963e+00
5.078125000000000000e+00
5.350748697916666963e+00
5.257161458333333925e+00
5.131022135416666075e+00
5.147298177083333037e+00
5.200195312500000000e+00
5.110677083333333037e+00
5.004882812500000000e+00
5.159505208333333037e+00
5.086263020833333037e+00
5.273437500000000000e+00
5.367024739583333925e+00
5.387369791666666963e+00
5.086263020833333037e+00
5.155436197916666963e+00
5.358886718750000000e+00
5.102539062500000000e+00
4.919433593750000000e+00
5.220540364583333037e+00
5.192057291666666075e+00
5.065917968750000000e+00
5.082194010416666963e+00
5.167643229166666963e+00
5.078125000000000000e+00
5.118815104166666075e+00
5.082194010416666963e+00
5.118815104166666075e+00
5.098470052083333037e+00
5.049641927083333037e+00
4.882812500000000000e+00
4.984537760416666963e+00
4.899088541666666963e+00
4.968261718750000000e+00
4.915364583333333037e+00
4.866536458333333037e+00
4.956054687500000000e+00
4.858398437500000000e+00
4.882812500000000000e+00
5.037434895833333037e+00
4.903157552083333037e+00
4.732259114583333037e+00
4.833984375000000000e+00
4.915364583333333037e+00
4.862467447916666963e+00
4.907226562500000000e+00
4.968261718750000000e+00
4.878743489583333925e+00
4.899088541666666963e+00
5.110677083333333037e+00
5.017089843750000000e+00
5.106608072916666963e+00
4.890950520833333925e+00
4.862467447916666963e+00
5.094401041666666963e+00
5.013020833333333925e+00
4.829915364583333925e+00
4.943847656250000000e+00
4.777018229166666963e+00
4.813639322916666075e+00
4.915364583333333037e+00
4.813639322916666075e+00
4.842122395833333037e+00
4.895019531250000000e+00
4.691569010416666075e+00
4.854329427083333037e+00
4.744466145833333037e+00
4.809570312500000000e+00
4.923502604166666963e+00
4.927571614583333037e+00
4.756673177083333925e+00
4.939778645833333925e+00
4.850260416666666963e+00
4.895019531250000000e+00
4.675292968750000000e+00
4.711914062500000000e+00
4.927571614583333037e+00
4.842122395833333037e+00
4.785156250000000000e+00
4.691569010416666075e+00
4.846191406250000000e+00
4.825846354166666075e+00
4.903157552083333037e+00
4.858398437500000000e+00
4.850260416666666963e+00
4.740397135416666963e+00
4.675292968750000000e+00
4.618326822916666963e+00
4.687500000000000000e+00
4.732259114583333037e+00
4.935709635416666075e+00
4.911295572916666963e+00
4.736328125000000000e+00
4.785156250000000000e+00
4.654947916666666963e+00
4.695638020833333925e+00
4.874674479166666075e+00
4.813639322916666075e+00
4.687500000000000000e+00
4.675292968750000000e+00
4.793294270833333037e+00
4.899088541666666963e+00
4.736328125000000000e+00
4.821777343750000000e+00
4.785156250000000000e+00
4.626464843750000000e+00
4.724121093750000000e+00
4.809570312500000000e+00
4.638671875000000000e+00
4.642740885416666075e+00
4.679361979166666963e+00
4.740397135416666963e+00
4.667154947916666963e+00
4.659016927083333037e+00
4.671223958333333037e+00
4.602050781250000000e+00
4.744466145833333037e+00
4.768880208333333925e+00
4.659016927083333037e+00
4.736328125000000000e+00
4.785156250000000000e+00
4.756673177083333925e+00
4.691569010416666075e+00
4.695638020833333925e+00
4.581705729166666075e+00
4.667154947916666963e+00
4.764811197916666075e+00
4.646809895833333925e+00
4.642740885416666075e+00
4.699707031250000000e+00
4.801432291666666963e+00
4.695638020833333925e+00
4.577636718750000000e+00
4.760742187500000000e+00
4.821777343750000000e+00
4.793294270833333037e+00
4.801432291666666963e+00
4.667154947916666963e+00
4.748535156250000000e+00
4.679361979166666963e+00
4.687500000000000000e+00
4.715983072916666963e+00
4.626464843750000000e+00
4.679361979166666963e+00
4.699707031250000000e+00
4.606119791666666963e+00
4.553222656250000000e+00
4.642740885416666075e+00
4.752604166666666075e+00
4.801432291666666963e+00
4.781087239583333037e+00
4.581705729166666075e+00
4.549153645833333037e+00
4.532877604166666963e+00
4.589843750000000000e+00
4.659016927083333037e+00
4.630533854166666075e+00
4.606119791666666963e+00
4.667154947916666963e+00
4.565429687500000000e+00
4.597981770833333037e+00
4.606119791666666963e+00
4.642740885416666075e+00
4.626464843750000000e+00
4.581705729166666075e+00
4.541015625000000000e+00
4.618326822916666963e+00
4.626464843750000000e+00
4.675292968750000000e+00
4.760742187500000000e+00
4.781087239583333037e+00
4.724121093750000000e+00
4.557291666666666963e+00
4.663085937500000000e+00
4.471842447916666963e+00
4.581705729166666075e+00
4.585774739583333925e+00
4.687500000000000000e+00
4.711914062500000000e+00
4.541015625000000000e+00
4.577636718750000000e+00
4.679361979166666963e+00
4.577636718750000000e+00
4.581705729166666075e+00
4.634602864583333925e+00
4.606119791666666963e+00
4.618326822916666963e+00
4.557291666666666963e+00
4.536946614583333037e+00
4.569498697916666075e+00
4.606119791666666963e+00
4.663085937500000000e+00
4.675292968750000000e+00
4.679361979166666963e+00
4.569498697916666075e+00
4.606119791666666963e+00
4.569498697916666075e+00
4.520670572916666075e+00
4.545084635416666963e+00
4.577636718750000000e+00
4.557291666666666963e+00
4.610188802083333037e+00
4.630533854166666075e+00
4.475911458333333037e+00
4.553222656250000000e+00
4.687500000000000000e+00
4.663085937500000000e+00
4.606119791666666963e+00
4.569498697916666075e+00
4.520670572916666075e+00
4.528808593750000000e+00
4.545084635416666963e+00
4.626464843750000000e+00
4.606119791666666963e+00
4.565429687500000000e+00
4.565429687500000000e+00
4.626464843750000000e+00
4.512532552083333925e+00
4.549153645833333037e+00
4.610188802083333037e+00
4.569498697916666075e+00
4.553222656250000000e+00
4.496256510416666963e+00
4.581705729166666075e+00
4.630533854166666075e+00
4.573567708333333925e+00
4.536946614583333037e+00
4.516601562500000000e+00
4.536946614583333037e+00
4.593912760416666963e+00
4.512532552083333925e+00
4.516601562500000000e+00
4.545084635416666963e+00
4.602050781250000000e+00
4.536946614583333037e+00
4.471842447916666963e+00
4.484049479166666963e+00
4.467773437500000000e+00
4.561360677083333037e+00
4.577636718750000000e+00
4.581705729166666075e+00
4.512532552083333925e+00
4.597981770833333037e+00
4.549153645833333037e+00
4.488118489583333037e+00
4.569498697916666075e+00
4.541015625000000000e+00
4.516601562500000000e+00
4.532877604166666963e+00
4.541015625000000000e+00
4.577636718750000000e+00
4.520670572916666075e+00
4.541015625000000000e+00
4.475911458333333037e+00
4.439290364583333037e+00
4.520670572916666075e+00
4.638671875000000000e+00
4.573567708333333925e+00
4.532877604166666963e+00
4.545084635416666963e+00
4.646809895833333925e+00
4.642740885416666075e+00
4.512532552083333925e+00
4.614257812500000000e+00
4.553222656250000000e+00
4.541015625000000000e+00
4.516601562500000000e+00
4.650878906250000000e+00
4.597981770833333037e+00
4.606119791666666963e+00
4.541015625000000000e+00
4.573567708333333925e+00
4.565429687500000000e+00
4.581705729166666075e+00
4.577636718750000000e+00
4.463704427083333925e+00
4.516601562500000000e+00
4.520670572916666075e+00
4.479980468750000000e+00
4.561360677083333037e+00
4.610188802083333037e+00
4.532877604166666963e+00
4.541015625000000000e+00
4.528808593750000000e+00
4.500325520833333037e+00
4.541015625000000000e+00
4.707845052083333925e+00
4.508463541666666075e+00
4.496256510416666963e+00
4.524739583333333925e+00
4.581705729166666075e+00
4.541015625000000000e+00
4.553222656250000000e+00
4.577636718750000000e+00
4.488118489583333037e+00
4.488118489583333037e+00
4.520670572916666075e+00
4.553222656250000000e+00
4.459635416666666075e+00
4.581705729166666075e+00
4.569498697916666075e+00
4.577636718750000000e+00
4.431152343750000000e+00
4.573567708333333925e+00
4.585774739583333925e+00
4.581705729166666075e+00
4.512532552083333925e+00
4.541015625000000000e+00
4.569498697916666075e+00
4.479980468750000000e+00
4.504394531250000000e+00
4.496256510416666963e+00
4.484049479166666963e+00
4.431152343750000000e+00
4.528808593750000000e+00
4.512532552083333925e+00
4.451497395833333925e+00
4.536946614583333037e+00
4.500325520833333037e+00
4.443359375000000000e+00
4.439290364583333037e+00
4.451497395833333925e+00
4.467773437500000000e+00
4.475911458333333037e+00
4.520670572916666075e+00
4.610188802083333037e+00
4.508463541666666075e+00
4.471842447916666963e+00
4.471842447916666963e+00
4.475911458333333037e+00
4.520670572916666075e+00
4.516601562500000000e+00
4.447428385416666075e+00
4.492187500000000000e+00
4.541015625000000000e+00
4.520670572916666075e+00
4.581705729166666075e+00
4.479980468750000000e+00
4.504394531250000000e+00
4.447428385416666075e+00
4.459635416666666075e+00
4.496256510416666963e+00
4.431152343750000000e+00
4.536946614583333037e+00
4.520670572916666075e+00
4.488118489583333037e+00
4.528808593750000000e+00
4.492187500000000000e+00
4.500325520833333037e+00
4.500325520833333037e+00
4.459635416666666075e+00
4.488118489583333037e+00
4.471842447916666963e+00
4.463704427083333925e+00
4.569498697916666075e+00
4.532877604166666963e+00
4.545084635416666963e+00
4.553222656250000000e+00
4.484049479166666963e+00
4.561360677083333037e+00
4.532877604166666963e+00
4.488118489583333037e+00
4.484049479166666963e+00
4.455566406250000000e+00
4.443359375000000000e+00
4.447428385416666075e+00
4.455566406250000000e+00
4.520670572916666075e+00
4.463704427083333925e+00
4.597981770833333037e+00
4.569498697916666075e+00
4.508463541666666075e+00
4.467773437500000000e+00
4.423014322916666963e+00
4.492187500000000000e+00
4.463704427083333925e+00
4.423014322916666963e+00
4.479980468750000000e+00
4.484049479166666963e+00
4.488118489583333037e+00
4.524739583333333925e+00
4.581705729166666075e+00
4.561360677083333037e+00
4.500325520833333037e+00
4.528808593750000000e+00
4.492187500000000000e+00
4.508463541666666075e+00
4.484049479166666963e+00
4.459635416666666075e+00
4.516601562500000000e+00
4.536946614583333037e+00
4.479980468750000000e+00
4.496256510416666963e+00
4.488118489583333037e+00
4.459635416666666075e+00
4.500325520833333037e+00
4.508463541666666075e+00
4.500325520833333037e+00
4.504394531250000000e+00
4.439290364583333037e+00
4.492187500000000000e+00
4.492187500000000000e+00
4.589843750000000000e+00
4.516601562500000000e+00
4.475911458333333037e+00
4.496256510416666963e+00
4.475911458333333037e+00
4.414876302083333037e+00
4.496256510416666963e+00
4.484049479166666963e+00
4.443359375000000000e+00
4.496256510416666963e+00
4.496256510416666963e+00
4.504394531250000000e+00
4.565429687500000000e+00
4.492187500000000000e+00
4.451497395833333925e+00
4.500325520833333037e+00
4.447428385416666075e+00
4.463704427083333925e+00
4.479980468750000000e+00
4.443359375000000000e+00
4.492187500000000000e+00
4.484049479166666963e+00
4.459635416666666075e+00
4.475911458333333037e+00
4.475911458333333037e+00
4.500325520833333037e+00
4.536946614583333037e+00
4.431152343750000000e+00
4.520670572916666075e+00
4.418945312500000000e+00
4.463704427083333925e+00
4.439290364583333037e+00
4.455566406250000000e+00
4.463704427083333925e+00
4.463704427083333925e+00
4.504394531250000000e+00
4.447428385416666075e+00
4.557291666666666963e+00
4.463704427083333925e+00
4.508463541666666075e+00
4.459635416666666075e+00
4.512532552083333925e+00
4.479980468750000000e+00
4.459635416666666075e+00
4.492187500000000000e+00
4.467773437500000000e+00
4.492187500000000000e+00
4.500325520833333037e+00
4.496256510416666963e+00
4.508463541666666075e+00
4.484049479166666963e+00
4.516601562500000000e+00
4.484049479166666963e+00
4.557291666666666963e+00
4.524739583333333925e+00
4.496256510416666963e+00
4.455566406250000000e+00
4.418945312500000000e+00
4.423014322916666963e+00
4.500325520833333037e+00
4.508463541666666075e+00
4.492187500000000000e+00
4.431152343750000000e+00
4.479980468750000000e+00
4.451497395833333925e+00
4.512532552083333925e+00
4.459635416666666075e+00
4.423014322916666963e+00
4.467773437500000000e+00
4.455566406250000000e+00
4.443359375000000000e+00
4.479980468750000000e+00
4.447428385416666075e+00
4.463704427083333925e+00
4.467773437500000000e+00
4.423014322916666963e+00
4.467773437500000000e+00
4.541015625000000000e+00
4.418945312500000000e+00
4.443359375000000000e+00
4.418945312500000000e+00
4.488118489583333037e+00
4.492187500000000000e+00
4.447428385416666075e+00
4.431152343750000000e+00
4.447428385416666075e+00
4.471842447916666963e+00
4.504394531250000000e+00
4.471842447916666963e+00
4.504394531250000000e+00
4.504394531250000000e+00
4.484049479166666963e+00
4.516601562500000000e+00
4.471842447916666963e+00
4.471842447916666963e+00
4.484049479166666963e+00
4.561360677083333037e+00
4.528808593750000000e+00
4.504394531250000000e+00
4.431152343750000000e+00
4.471842447916666963e+00
4.459635416666666075e+00
4.500325520833333037e+00
4.488118489583333037e+00
4.504394531250000000e+00
4.492187500000000000e+00
4.418945312500000000e+00
4.496256510416666963e+00
4.467773437500000000e+00
4.496256510416666963e+00
4.512532552083333925e+00
4.520670572916666075e+00
4.508463541666666075e+00
4.410807291666666963e+00
4.443359375000000000e+00
4.492187500000000000e+00
4.524739583333333925e+00
4.443359375000000000e+00
4.496256510416666963e+00
4.488118489583333037e+00
4.492187500000000000e+00
4.508463541666666075e+00
4.504394531250000000e+00
4.479980468750000000e+00
4.455566406250000000e+00
4.471842447916666963e+00
4.484049479166666963e+00
4.447428385416666075e+00
4.427083333333333037e+00
4.423014322916666963e+00
4.516601562500000000e+00
4.541015625000000000e+00
4.431152343750000000e+00
4.459635416666666075e+00
4.504394531250000000e+00
4.467773437500000000e+00
4.427083333333333037e+00
4.528808593750000000e+00
4.435221354166666963e+00
4.459635416666666075e+00
4.479980468750000000e+00
4.471842447916666963e+00
4.427083333333333037e+00
4.451497395833333925e+00
4.423014322916666963e+00
4.471842447916666963e+00
4.504394531250000000e+00
4.427083333333333037e+00
4.451497395833333925e+00
4.484049479166666963e+00
4.463704427083333925e+00
4.479980468750000000e+00
4.447428385416666075e+00
4.459635416666666075e+00
4.467773437500000000e+00
4.431152343750000000e+00
4.463704427083333925e+00
4.459635416666666075e+00
4.459635416666666075e+00
4.463704427083333925e+00
4.504394531250000000e+00
4.520670572916666075e+00
4.398600260416666075e+00
4.443359375000000000e+00
4.443359375000000000e+00
4.431152343750000000e+00
4.532877604166666963e+00
4.475911458333333037e+00
4.431152343750000000e+00
4.427083333333333037e+00
4.467773437500000000e+00
4.439290364583333037e+00
4.488118489583333037e+00
4.451497395833333925e+00
4.455566406250000000e+00
4.423014322916666963e+00
4.459635416666666075e+00
4.545084635416666963e+00
4.447428385416666075e+00
4.463704427083333925e+00
4.471842447916666963e+00
4.427083333333333037e+00
4.467773437500000000e+00
4.427083333333333037e+00
4.435221354166666963e+00
4.520670572916666075e+00
4.524739583333333925e+00
4.459635416666666075e+00
4.512532552083333925e+00
4.451497395833333925e+00
4.459635416666666075e+00
4.427083333333333037e+00
4.459635416666666075e+00
4.467773437500000000e+00
4.467773437500000000e+00
4.447428385416666075e+00
4.451497395833333925e+00
4.508463541666666075e+00
4.496256510416666963e+00
4.447428385416666075e+00
4.443359375000000000e+00
4.431152343750000000e+00
4.455566406250000000e+00
4.435221354166666963e+00
4.447428385416666075e+00
4.418945312500000000e+00
4.459635416666666075e+00
4.516601562500000000e+00
4.459635416666666075e+00
4.496256510416666963e+00
4.467773437500000000e+00
4.504394531250000000e+00
4.435221354166666963e+00
4.418945312500000000e+00
4.512532552083333925e+00
4.423014322916666963e+00
4.402669270833333925e+00
4.467773437500000000e+00
4.447428385416666075e+00
4.455566406250000000e+00
4.410807291666666963e+00
4.463704427083333925e+00
4.479980468750000000e+00
4.431152343750000000e+00
4.455566406250000000e+00
4.427083333333333037e+00
4.484049479166666963e+00
4.508463541666666075e+00
4.435221354166666963e+00
4.479980468750000000e+00
4.410807291666666963e+00
4.467773437500000000e+00
4.492187500000000000e+00
4.500325520833333037e+00
4.488118489583333037e+00
4.455566406250000000e+00
4.427083333333333037e+00
4.455566406250000000e+00
4.451497395833333925e+00
4.471842447916666963e+00
4.435221354166666963e+00
4.467773437500000000e+00
4.500325520833333037e+00
4.443359375000000000e+00
4.439290364583333037e+00
4.427083333333333037e+00
4.443359375000000000e+00
4.447428385416666075e+00
4.414876302083333037e+00
4.410807291666666963e+00
4.455566406250000000e+00
4.443359375000000000e+00
4.435221354166666963e+00
4.439290364583333037e+00
4.467773437500000000e+00
4.459635416666666075e+00
4.459635416666666075e+00
4.427083333333333037e+00
4.418945312500000000e+00
4.443359375000000000e+00
4.504394531250000000e+00
4.467773437500000000e+00
4.414876302083333037e+00
4.431152343750000000e+00
4.414876302083333037e+00
4.435221354166666963e+00
4.431152343750000000e+00
4.500325520833333037e+00
4.427083333333333037e+00
4.459635416666666075e+00
4.443359375000000000e+00
4.443359375000000000e+00
4.418945312500000000e+00
4.467773437500000000e+00
4.443359375000000000e+00
4.467773437500000000e+00
4.455566406250000000e+00
4.451497395833333925e+00
4.475911458333333037e+00
4.427083333333333037e+00
4.418945312500000000e+00
4.435221354166666963e+00
4.427083333333333037e+00
4.451497395833333925e+00
4.492187500000000000e+00
4.443359375000000000e+00
4.414876302083333037e+00
4.439290364583333037e+00
4.484049479166666963e+00
4.516601562500000000e+00
4.463704427083333925e+00
4.447428385416666075e+00
4.423014322916666963e+00
4.455566406250000000e+00
4.423014322916666963e+00
4.414876302083333037e+00
4.443359375000000000e+00
4.443359375000000000e+00
4.410807291666666963e+00
4.431152343750000000e+00
4.475911458333333037e+00
4.414876302083333037e+00
4.431152343750000000e+00
4.467773437500000000e+00
4.451497395833333925e+00
4.418945312500000000e+00
4.447428385416666075e+00
4.447428385416666075e+00
4.471842447916666963e+00
4.443359375000000000e+00
4.427083333333333037e+00
4.427083333333333037e+00
4.439290364583333037e+00
4.431152343750000000e+00
4.435221354166666963e+00
4.423014322916666963e+00
4.435221354166666963e+00
4.455566406250000000e+00
4.451497395833333925e+00
4.447428385416666075e+00
4.431152343750000000e+00
4.484049479166666963e+00
4.447428385416666075e+00
4.463704427083333925e+00
4.451497395833333925e+00
4.455566406250000000e+00
4.418945312500000000e+00
4.459635416666666075e+00
4.390462239583333925e+00
4.402669270833333925e+00
4.451497395833333925e+00
4.443359375000000000e+00
4.435221354166666963e+00
4.423014322916666963e+00
4.410807291666666963e+00
4.451497395833333925e+00
4.451497395833333925e+00
4.431152343750000000e+00
4.475911458333333037e+00
4.455566406250000000e+00
4.504394531250000000e+00
4.459635416666666075e+00
4.455566406250000000e+00
4.475911458333333037e+00
4.488118489583333037e+00
4.439290364583333037e+00
4.423014322916666963e+00
4.447428385416666075e+00
4.427083333333333037e+00
4.475911458333333037e+00
4.447428385416666075e+00
4.508463541666666075e+00
4.427083333333333037e+00
4.443359375000000000e+00
4.431152343750000000e+00
4.459635416666666075e+00
4.463704427083333925e+00
4.435221354166666963e+00
4.471842447916666963e+00
4.512532552083333925e+00
4.443359375000000000e+00
4.435221354166666963e+00
4.427083333333333037e+00
4.451497395833333925e+00
4.455566406250000000e+00
4.431152343750000000e+00
4.435221354166666963e+00
4.431152343750000000e+00
4.439290364583333037e+00
4.484049479166666963e+00
4.406738281250000000e+00
4.439290364583333037e+00
4.500325520833333037e+00
4.435221354166666963e+00
4.431152343750000000e+00
4.414876302083333037e+00
4.447428385416666075e+00
4.459635416666666075e+00
4.435221354166666963e+00
4.410807291666666963e+00
4.463704427083333925e+00
4.402669270833333925e+00
4.402669270833333925e+00
4.459635416666666075e+00
4.451497395833333925e+00
4.435221354166666963e+00
4.459635416666666075e+00
4.471842447916666963e+00
4.443359375000000000e+00
4.423014322916666963e+00
4.418945312500000000e+00
4.435221354166666963e+00
4.471842447916666963e+00
4.435221354166666963e+00
4.475911458333333037e+00
4.431152343750000000e+00
4.447428385416666075e+00
4.443359375000000000e+00
4.435221354166666963e+00
4.410807291666666963e+00
4.447428385416666075e+00
4.475911458333333037e+00
4.431152343750000000e+00
4.439290364583333037e+00
4.467773437500000000e+00
4.451497395833333925e+00
4.451497395833333925e+00
4.423014322916666963e+00
4.431152343750000000e+00
4.467773437500000000e+00
4.406738281250000000e+00
4.423014322916666963e+00
4.443359375000000000e+00
4.402669270833333925e+00
4.435221354166666963e+00
4.427083333333333037e+00
4.451497395833333925e+00
4.431152343750000000e+00
4.447428385416666075e+00
4.427083333333333037e+00
4.435221354166666963e+00
4.447428385416666075e+00
4.439290364583333037e+00
4.439290364583333037e+00
4.435221354166666963e+00
4.455566406250000000e+00
4.410807291666666963e+00
4.447428385416666075e+00
4.414876302083333037e+00
4.427083333333333037e+00
4.455566406250000000e+00
4.435221354166666963e+00
4.431152343750000000e+00
4.471842447916666963e+00
4.443359375000000000e+00
4.414876302083333037e+00
4.439290364583333037e+00
4.423014322916666963e+00
4.455566406250000000e+00
4.439290364583333037e+00
4.431152343750000000e+00
4.459635416666666075e+00
4.398600260416666075e+00
4.443359375000000000e+00
4.439290364583333037e+00
4.516601562500000000e+00
4.508463541666666075e+00
4.427083333333333037e+00
4.455566406250000000e+00
4.455566406250000000e+00
4.402669270833333925e+00
4.455566406250000000e+00
4.447428385416666075e+00
4.471842447916666963e+00
4.471842447916666963e+00
4.443359375000000000e+00
4.439290364583333037e+00
4.439290364583333037e+00
4.455566406250000000e+00
4.423014322916666963e+00
4.443359375000000000e+00
4.447428385416666075e+00
4.406738281250000000e+00
4.423014322916666963e+00
4.439290364583333037e+00
4.439290364583333037e+00
4.443359375000000000e+00
4.439290364583333037e+00
4.427083333333333037e+00
4.427083333333333037e+00
4.427083333333333037e+00
4.414876302083333037e+00
4.406738281250000000e+00
4.431152343750000000e+00
4.439290364583333037e+00
4.439290364583333037e+00
4.431152343750000000e+00
4.427083333333333037e+00
4.455566406250000000e+00
4.418945312500000000e+00
4.423014322916666963e+00
4.414876302083333037e+00
4.423014322916666963e+00
4.427083333333333037e+00
4.427083333333333037e+00
4.410807291666666963e+00
4.414876302083333037e+00
4.427083333333333037e+00
4.398600260416666075e+00
4.414876302083333037e+00
4.427083333333333037e+00
4.418945312500000000e+00
4.427083333333333037e+00
4.418945312500000000e+00
4.423014322916666963e+00
4.414876302083333037e+00
4.427083333333333037e+00
4.402669270833333925e+00
4.427083333333333037e+00
4.455566406250000000e+00
4.431152343750000000e+00
4.427083333333333037e+00
4.418945312500000000e+00
4.414876302083333037e+00
4.459635416666666075e+00
4.459635416666666075e+00
4.427083333333333037e+00
4.451497395833333925e+00
4.447428385416666075e+00
4.475911458333333037e+00
4.447428385416666075e+00
4.423014322916666963e+00
4.471842447916666963e+00
4.435221354166666963e+00
4.447428385416666075e+00
4.451497395833333925e+00
4.410807291666666963e+00
4.410807291666666963e+00
4.459635416666666075e+00
4.414876302083333037e+00
4.439290364583333037e+00
4.423014322916666963e+00
4.406738281250000000e+00
4.435221354166666963e+00
4.427083333333333037e+00
4.414876302083333037e+00
4.414876302083333037e+00
4.427083333333333037e+00
4.406738281250000000e+00
4.439290364583333037e+00
4.451497395833333925e+00
4.410807291666666963e+00
4.427083333333333037e+00
4.431152343750000000e+00
4.418945312500000000e+00
4.414876302083333037e+00
4.418945312500000000e+00
4.439290364583333037e+00
4.451497395833333925e+00
4.414876302083333037e+00
4.427083333333333037e+00
4.406738281250000000e+00
4.427083333333333037e+00
4.471842447916666963e+00
4.443359375000000000e+00
4.439290364583333037e+00
4.455566406250000000e+00
4.406738281250000000e+00
4.406738281250000000e+00
4.410807291666666963e+00
4.451497395833333925e+00
4.443359375000000000e+00
4.439290364583333037e+00
4.414876302083333037e+00
4.447428385416666075e+00
4.455566406250000000e+00
4.427083333333333037e+00
4.398600260416666075e+00
4.431152343750000000e+00
4.435221354166666963e+00
4.402669270833333925e+00
4.439290364583333037e+00
4.451497395833333925e+00
4.418945312500000000e+00
4.455566406250000000e+00
4.439290364583333037e+00
4.406738281250000000e+00
4.427083333333333037e+00
4.398600260416666075e+00
4.427083333333333037e+00
4.423014322916666963e+00
4.414876302083333037e+00
4.382324218750000000e+00
4.431152343750000000e+00
4.418945312500000000e+00
4.410807291666666963e+00
4.439290364583333037e+00
4.447428385416666075e+00
4.475911458333333037e+00
4.427083333333333037e+00
4.475911458333333037e+00
4.427083333333333037e+00
4.410807291666666963e+00
4.398600260416666075e+00
4.406738281250000000e+00
4.451497395833333925e+00
4.435221354166666963e+00
4.431152343750000000e+00
4.451497395833333925e+00
4.451497395833333925e+00
4.427083333333333037e+00
4.471842447916666963e+00
4.435221354166666963e+00
4.451497395833333925e+00
4.451497395833333925e+00
4.406738281250000000e+00
4.439290364583333037e+00
4.455566406250000000e+00
4.443359375000000000e+00
4.431152343750000000e+00
4.414876302083333037e+00
4.427083333333333037e+00
4.410807291666666963e+00
4.439290364583333037e+00
4.418945312500000000e+00
4.414876302083333037e+00
4.443359375000000000e+00
4.410807291666666963e+00
4.455566406250000000e+00
4.471842447916666963e+00
4.427083333333333037e+00
4.398600260416666075e+00
4.439290364583333037e+00
4.418945312500000000e+00
4.447428385416666075e+00
4.427083333333333037e+00
4.431152343750000000e+00
4.451497395833333925e+00
4.435221354166666963e+00
4.463704427083333925e+00
4.414876302083333037e+00
4.435221354166666963e+00
4.443359375000000000e+00
4.418945312500000000e+00
4.435221354166666963e+00
4.463704427083333925e+00
4.443359375000000000e+00
4.427083333333333037e+00
4.410807291666666963e+00
4.455566406250000000e+00
4.455566406250000000e+00
4.435221354166666963e+00
4.418945312500000000e+00
4.414876302083333037e+00
4.423014322916666963e+00
4.435221354166666963e+00
4.418945312500000000e+00
4.443359375000000000e+00
4.427083333333333037e+00
4.435221354166666963e+00
4.423014322916666963e+00
4.431152343750000000e+00
4.447428385416666075e+00
4.414876302083333037e+00
4.451497395833333925e+00
4.463704427083333925e+00
4.423014322916666963e+00
4.427083333333333037e+00
4.459635416666666075e+00
4.431152343750000000e+00
4.418945312500000000e+00
4.451497395833333925e+00
4.414876302083333037e+00
4.451497395833333925e+00
4.431152343750000000e+00
4.406738281250000000e+00
4.418945312500000000e+00
4.427083333333333037e+00
4.484049479166666963e+00
4.459635416666666075e+00
4.451497395833333925e+00
4.471842447916666963e+00
4.423014322916666963e+00
4.447428385416666075e+00
4.435221354166666963e+00
4.423014322916666963e+00
4.414876302083333037e+00
4.435221354166666963e+00
4.427083333333333037e+00
4.431152343750000000e+00
4.423014322916666963e+00
4.418945312500000000e+00
4.418945312500000000e+00
4.459635416666666075e+00
4.435221354166666963e+00
4.423014322916666963e+00
4.418945312500000000e+00
4.414876302083333037e+00
4.423014322916666963e+00
4.418945312500000000e+00
4.423014322916666963e+00
4.435221354166666963e+00
4.418945312500000000e+00
4.427083333333333037e+00
4.455566406250000000e+00
4.459635416666666075e+00
4.459635416666666075e+00
4.463704427083333925e+00
4.463704427083333925e+00
4.418945312500000000e+00
4.439290364583333037e+00
4.431152343750000000e+00
4.447428385416666075e+00
4.431152343750000000e+00
4.427083333333333037e+00
4.459635416666666075e+00
4.451497395833333925e+00
4.447428385416666075e+00
4.443359375000000000e+00
4.451497395833333925e+00
4.410807291666666963e+00
4.406738281250000000e+00
4.435221354166666963e+00
4.492187500000000000e+00
4.455566406250000000e+00
4.435221354166666963e+00
4.435221354166666963e+00
4.423014322916666963e+00
4.423014322916666963e+00
4.418945312500000000e+00
4.443359375000000000e+00
4.439290364583333037e+00
4.427083333333333037e+00
4.455566406250000000e+00
4.484049479166666963e+00
4.418945312500000000e+00
4.410807291666666963e+00
4.406738281250000000e+00
4.414876302083333037e+00
4.455566406250000000e+00
4.427083333333333037e+00
4.410807291666666963e+00
4.447428385416666075e+00
4.402669270833333925e+00
4.414876302083333037e+00
4.427083333333333037e+00
4.451497395833333925e+00
4.410807291666666963e+00
4.431152343750000000e+00
4.439290364583333037e+00
4.410807291666666963e+00
4.439290364583333037e+00
4.423014322916666963e+00
4.406738281250000000e+00
4.431152343750000000e+00
4.443359375000000000e+00
4.423014322916666963e+00
4.414876302083333037e+00
4.427083333333333037e+00
4.418945312500000000e+00
4.427083333333333037e+00
4.463704427083333925e+00
4.414876302083333037e+00
4.418945312500000000e+00
4.398600260416666075e+00
4.431152343750000000e+00
4.431152343750000000e+00
4.431152343750000000e+00
4.406738281250000000e+00
4.406738281250000000e+00
4.423014322916666963e+00
4.402669270833333925e+00
4.435221354166666963e+00
4.423014322916666963e+00
4.455566406250000000e+00
4.439290364583333037e+00
4.435221354166666963e+00
4.431152343750000000e+00
4.447428385416666075e+00
4.451497395833333925e+00
4.439290364583333037e+00
4.459635416666666075e+00
4.394531250000000000e+00
4.427083333333333037e+00
4.427083333333333037e+00
4.414876302083333037e+00
4.414876302083333037e+00
4.427083333333333037e+00
4.435221354166666963e+00
4.435221354166666963e+00
4.435221354166666963e+00
4.418945312500000000e+00
4.435221354166666963e+00
4.439290364583333037e+00
4.414876302083333037e+00
4.439290364583333037e+00
4.484049479166666963e+00
4.467773437500000000e+00
4.439290364583333037e+00
4.423014322916666963e+00
4.443359375000000000e+00
4.439290364583333037e+00
4.423014322916666963e+00
4.414876302083333037e+00
4.451497395833333925e+00
4.447428385416666075e+00
4.447428385416666075e+00
4.435221354166666963e+00
4.451497395833333925e+00
4.431152343750000000e+00
4.459635416666666075e+00
4.439290364583333037e+00
4.427083333333333037e+00
4.423014322916666963e+00
4.443359375000000000e+00
4.431152343750000000e+00
4.479980468750000000e+00
4.475911458333333037e+00
4.423014322916666963e+00
4.447428385416666075e+00
4.439290364583333037e+00
4.451497395833333925e+00
4.418945312500000000e+00
4.423014322916666963e+00
4.423014322916666963e+00
4.402669270833333925e+00
4.435221354166666963e+00
4.423014322916666963e+00
4.410807291666666963e+00
4.439290364583333037e+00
4.435221354166666963e+00
4.443359375000000000e+00
4.427083333333333037e+00
4.439290364583333037e+00
4.427083333333333037e+00
4.435221354166666963e+00
4.455566406250000000e+00
4.431152343750000000e+00
4.423014322916666963e+00
4.431152343750000000e+00
4.439290364583333037e+00
4.471842447916666963e+00
4.398600260416666075e+00
4.439290364583333037e+00
4.475911458333333037e+00
4.447428385416666075e+00
4.390462239583333925e+00
4.410807291666666963e+00
4.406738281250000000e+00
4.427083333333333037e+00
4.423014322916666963e+00
4.406738281250000000e+00
4.418945312500000000e+00
4.451497395833333925e+00
4.414876302083333037e+00
4.418945312500000000e+00
4.451497395833333925e+00
4.447428385416666075e+00
4.423014322916666963e+00
4.427083333333333037e+00
4.418945312500000000e+00
4.423014322916666963e+00
4.402669270833333925e+00
4.431152343750000000e+00
4.479980468750000000e+00
4.423014322916666963e+00
4.423014322916666963e+00
4.443359375000000000e+00
4.435221354166666963e+00
4.435221354166666963e+00
4.431152343750000000e+00
4.406738281250000000e+00
4.410807291666666963e+00
4.427083333333333037e+00
4.423014322916666963e+00
4.414876302083333037e+00
4.414876302083333037e+00
4.423014322916666963e+00
4.414876302083333037e+00
4.439290364583333037e+00
4.427083333333333037e+00
4.418945312500000000e+00
4.431152343750000000e+00
4.451497395833333925e+00
4.414876302083333037e+00
4.418945312500000000e+00
4.402669270833333925e+00
4.410807291666666963e+00
4.423014322916666963e+00
4.488118489583333037e+00
4.435221354166666963e+00
4.410807291666666963e+00
4.402669270833333925e+00
4.439290364583333037e+00
4.443359375000000000e+00
4.435221354166666963e+00
4.427083333333333037e+00
4.435221354166666963e+00
4.427083333333333037e+00
4.410807291666666963e+00
4.423014322916666963e+00
4.427083333333333037e+00
4.435221354166666963e+00
4.467773437500000000e+00
4.423014322916666963e+00
4.414876302083333037e+00
4.435221354166666963e+00
4.423014322916666963e+00
4.431152343750000000e+00
4.414876302083333037e+00
4.418945312500000000e+00
4.423014322916666963e+00
4.423014322916666963e+00
4.406738281250000000e+00
4.386393229166666075e+00
4.435221354166666963e+00
4.406738281250000000e+00
4.435221354166666963e+00
4.447428385416666075e+00
4.427083333333333037e+00
4.423014322916666963e+00
4.431152343750000000e+00
4.423014322916666963e+00
4.459635416666666075e+00
4.479980468750000000e+00
4.390462239583333925e+00
4.423014322916666963e+00
4.418945312500000000e+00
4.414876302083333037e+00
4.406738281250000000e+00
4.410807291666666963e+00
4.414876302083333037e+00
4.447428385416666075e+00
4.414876302083333037e+00
4.423014322916666963e+00
4.418945312500000000e+00
4.435221354166666963e+00
4.418945312500000000e+00
4.431152343750000000e+00
4.410807291666666963e+00
4.406738281250000000e+00
4.427083333333333037e+00
4.414876302083333037e+00
4.439290364583333037e+00
4.435221354166666963e+00
4.443359375000000000e+00
4.427083333333333037e+00
4.439290364583333037e+00
4.439290364583333037e+00
4.390462239583333925e+00
4.431152343750000000e+00
4.443359375000000000e+00
4.431152343750000000e+00
4.402669270833333925e+00
4.431152343750000000e+00
4.431152343750000000e+00
4.439290364583333037e+00
4.443359375000000000e+00
4.431152343750000000e+00
4.402669270833333925e+00
4.447428385416666075e+00
4.435221354166666963e+00
4.447428385416666075e+00
4.418945312500000000e+00
4.427083333333333037e+00
4.439290364583333037e+00
4.414876302083333037e+00
4.447428385416666075e+00
4.455566406250000000e+00
4.427083333333333037e+00
4.414876302083333037e+00
4.431152343750000000e+00
4.423014322916666963e+00
4.414876302083333037e+00
4.471842447916666963e+00
4.394531250000000000e+00
4.435221354166666963e+00
4.431152343750000000e+00
4.431152343750000000e+00
4.439290364583333037e+00
4.402669270833333925e+00
4.398600260416666075e+00
4.439290364583333037e+00
4.439290364583333037e+00
4.431152343750000000e+00
4.423014322916666963e+00
4.455566406250000000e+00
4.467773437500000000e+00
4.410807291666666963e+00
4.427083333333333037e+00
4.406738281250000000e+00
4.410807291666666963e+00
4.414876302083333037e+00
4.410807291666666963e+00
4.431152343750000000e+00
4.418945312500000000e+00
4.427083333333333037e+00
4.423014322916666963e+00
4.406738281250000000e+00
4.427083333333333037e+00
4.435221354166666963e+00
4.439290364583333037e+00
4.459635416666666075e+00
4.455566406250000000e+00
4.451497395833333925e+00
4.435221354166666963e+00
4.423014322916666963e+00
4.423014322916666963e+00
4.435221354166666963e+00
4.455566406250000000e+00
4.459635416666666075e+00
4.443359375000000000e+00
4.451497395833333925e+00
4.418945312500000000e+00
4.414876302083333037e+00
4.439290364583333037e+00
4.439290364583333037e+00
4.431152343750000000e+00
4.427083333333333037e+00
4.378255208333333037e+00
4.423014322916666963e+00
4.435221354166666963e+00
4.418945312500000000e+00
4.418945312500000000e+00
4.423014322916666963e+00
4.414876302083333037e+00
4.435221354166666963e+00
4.459635416666666075e+00
4.423014322916666963e+00
4.431152343750000000e+00
4.406738281250000000e+00
4.427083333333333037e+00
4.463704427083333925e+00
4.418945312500000000e+00
4.423014322916666963e+00
4.439290364583333037e+00
4.435221354166666963e+00
4.418945312500000000e+00
4.443359375000000000e+00
4.431152343750000000e+00
4.423014322916666963e+00
4.414876302083333037e+00
4.410807291666666963e+00
4.418945312500000000e+00
4.414876302083333037e+00
4.439290364583333037e+00
4.406738281250000000e+00
4.414876302083333037e+00
4.423014322916666963e+00
4.435221354166666963e+00
4.418945312500000000e+00
4.423014322916666963e+00
4.423014322916666963e+00
4.406738281250000000e+00
4.418945312500000000e+00
4.431152343750000000e+00
4.398600260416666075e+00
4.435221354166666963e+00
4.443359375000000000e+00
4.418945312500000000e+00
4.447428385416666075e+00
4.435221354166666963e+00
4.402669270833333925e+00
4.427083333333333037e+00
4.451497395833333925e+00
4.423014322916666963e+00
4.406738281250000000e+00
4.414876302083333037e+00
4.455566406250000000e+00
4.398600260416666075e+00
4.406738281250000000e+00
4.423014322916666963e+00
4.423014322916666963e+00
4.410807291666666963e+00
4.410807291666666963e+00
4.414876302083333037e+00
4.418945312500000000e+00
4.427083333333333037e+00
4.431152343750000000e+00
4.418945312500000000e+00
4.406738281250000000e+00
4.382324218750000000e+00
4.398600260416666075e+00
4.394531250000000000e+00
4.435221354166666963e+00
4.435221354166666963e+00
4.427083333333333037e+00
4.439290364583333037e+00
4.427083333333333037e+00
4.447428385416666075e+00
4.410807291666666963e+00
4.406738281250000000e+00
4.435221354166666963e+00
4.418945312500000000e+00
4.398600260416666075e+00
4.427083333333333037e+00
4.414876302083333037e+00
4.414876302083333037e+00
4.475911458333333037e+00
4.414876302083333037e+00
4.423014322916666963e+00
4.439290364583333037e+00
4.423014322916666963e+00
4.443359375000000000e+00
4.410807291666666963e+00
4.435221354166666963e+00
4.418945312500000000e+00
4.423014322916666963e+00
4.406738281250000000e+00
4.443359375000000000e+00
4.435221354166666963e+00
4.410807291666666963e+00
4.390462239583333925e+00
4.418945312500000000e+00
4.443359375000000000e+00
4.406738281250000000e+00
4.414876302083333037e+00
4.427083333333333037e+00
4.455566406250000000e+00
4.402669270833333925e+00
4.431152343750000000e+00
4.418945312500000000e+00
4.406738281250000000e+00
4.427083333333333037e+00
4.427083333333333037e+00
4.423014322916666963e+00
4.427083333333333037e+00
4.410807291666666963e+00
4.427083333333333037e+00
4.410807291666666963e+00
4.402669270833333925e+00
4.394531250000000000e+00
4.418945312500000000e+00
4.418945312500000000e+00
4.427083333333333037e+00
4.427083333333333037e+00
4.427083333333333037e+00
4.431152343750000000e+00
4.431152343750000000e+00
4.410807291666666963e+00
4.418945312500000000e+00
4.435221354166666963e+00
4.414876302083333037e+00
4.406738281250000000e+00
4.435221354166666963e+00
4.427083333333333037e+00
4.423014322916666963e+00
4.423014322916666963e+00
4.402669270833333925e+00
4.406738281250000000e+00
4.414876302083333037e+00
4.439290364583333037e+00
4.398600260416666075e+00
4.435221354166666963e+00
4.410807291666666963e+00
4.398600260416666075e+00
4.406738281250000000e+00
4.451497395833333925e+00
4.451497395833333925e+00
4.414876302083333037e+00
4.435221354166666963e+00
4.423014322916666963e+00
4.410807291666666963e+00
4.423014322916666963e+00
4.427083333333333037e+00
4.427083333333333037e+00
4.435221354166666963e+00
4.402669270833333925e+00
4.439290364583333037e+00
4.418945312500000000e+00
4.406738281250000000e+00
4.414876302083333037e+00
4.435221354166666963e+00
4.455566406250000000e+00
4.427083333333333037e+00
4.402669270833333925e+00
4.431152343750000000e+00
4.439290364583333037e+00
4.398600260416666075e+00
4.431152343750000000e+00
4.423014322916666963e+00
4.406738281250000000e+00
4.410807291666666963e+00
4.447428385416666075e+00
4.447428385416666075e+00
4.423014322916666963e+00
4.398600260416666075e+00
4.427083333333333037e+00
4.447428385416666075e+00
4.431152343750000000e+00
4.431152343750000000e+00
4.443359375000000000e+00
4.435221354166666963e+00
4.431152343750000000e+00
4.414876302083333037e+00
4.447428385416666075e+00
4.455566406250000000e+00
4.418945312500000000e+00
4.418945312500000000e+00
4.414876302083333037e+00
4.435221354166666963e+00
4.443359375000000000e+00
4.439290364583333037e+00
4.406738281250000000e+00
4.439290364583333037e+00
4.418945312500000000e+00
4.431152343750000000e+00
4.431152343750000000e+00
4.435221354166666963e+00
4.427083333333333037e+00
4.423014322916666963e+00
4.431152343750000000e+00
4.410807291666666963e+00
4.427083333333333037e+00
4.423014322916666963e+00
4.435221354166666963e+00
4.423014322916666963e+00
4.402669270833333925e+00
4.467773437500000000e+00
4.439290364583333037e+00
4.406738281250000000e+00
4.427083333333333037e+00
4.427083333333333037e+00
4.418945312500000000e+00
4.435221354166666963e+00
4.423014322916666963e+00
4.427083333333333037e+00
4.435221354166666963e+00
4.423014322916666963e+00
4.423014322916666963e+00
4.427083333333333037e+00
4.431152343750000000e+00
4.443359375000000000e+00
4.414876302083333037e+00
4.418945312500000000e+00
4.431152343750000000e+00
4.431152343750000000e+00
4.406738281250000000e+00
4.439290364583333037e+00
4.402669270833333925e+00
4.435221354166666963e+00
4.418945312500000000e+00
4.402669270833333925e+00
4.418945312500000000e+00
4.414876302083333037e+00
4.435221354166666963e+00
4.431152343750000000e+00
4.443359375000000000e+00
4.414876302083333037e+00
4.439290364583333037e+00
4.439290364583333037e+00
4.418945312500000000e+00
4.427083333333333037e+00
4.414876302083333037e+00
4.406738281250000000e+00
4.443359375000000000e+00
4.423014322916666963e+00
4.431152343750000000e+00
4.427083333333333037e+00
4.410807291666666963e+00
4.423014322916666963e+00
4.431152343750000000e+00
4.431152343750000000e+00
4.439290364583333037e+00
4.414876302083333037e+00
4.418945312500000000e+00
4.423014322916666963e+00
4.447428385416666075e+00
4.427083333333333037e+00
4.418945312500000000e+00
4.427083333333333037e+00
4.414876302083333037e+00
4.423014322916666963e+00
4.439290364583333037e+00
4.431152343750000000e+00
4.402669270833333925e+00
4.431152343750000000e+00
4.423014322916666963e+00
4.435221354166666963e+00
4.423014322916666963e+00
4.431152343750000000e+00
4.427083333333333037e+00
4.410807291666666963e+00
4.431152343750000000e+00
4.418945312500000000e+00
4.414876302083333037e+00
4.414876302083333037e+00
4.447428385416666075e+00
4.427083333333333037e+00
4.443359375000000000e+00
4.435221354166666963e+00
4.423014322916666963e+00
4.423014322916666963e+00
4.443359375000000000e+00
4.451497395833333925e+00
4.435221354166666963e+00
4.427083333333333037e+00
4.455566406250000000e+00
4.427083333333333037e+00
4.435221354166666963e+00
4.418945312500000000e+00
4.414876302083333037e+00
4.427083333333333037e+00
4.402669270833333925e+00
4.414876302083333037e+00
4.423014322916666963e+00
4.479980468750000000e+00
4.439290364583333037e+00
4.418945312500000000e+00
4.418945312500000000e+00
4.418945312500000000e+00
4.402669270833333925e+00
4.423014322916666963e+00
4.423014322916666963e+00
4.423014322916666963e+00
4.414876302083333037e+00
4.427083333333333037e+00
4.439290364583333037e+00
4.414876302083333037e+00
4.423014322916666963e+00
4.414876302083333037e+00
4.431152343750000000e+00
4.414876302083333037e+00
4.406738281250000000e+00
4.402669270833333925e+00
4.423014322916666963e+00
4.427083333333333037e+00
4.414876302083333037e+00
4.423014322916666963e+00
4.455566406250000000e+00
4.427083333333333037e+00
4.423014322916666963e+00
4.443359375000000000e+00
4.398600260416666075e+00
4.427083333333333037e+00
4.439290364583333037e+00
4.447428385416666075e+00
4.414876302083333037e+00
4.394531250000000000e+00
4.418945312500000000e+00
4.431152343750000000e+00
4.427083333333333037e+00
4.423014322916666963e+00
4.402669270833333925e+00
4.435221354166666963e+00
4.423014322916666963e+00
4.427083333333333037e+00
4.402669270833333925e+00
4.427083333333333037e+00
4.431152343750000000e+00
4.439290364583333037e+00
4.443359375000000000e+00
4.414876302083333037e+00
4.423014322916666963e+00
4.451497395833333925e+00
4.431152343750000000e+00
4.414876302083333037e+00
4.418945312500000000e+00
4.447428385416666075e+00
4.431152343750000000e+00
4.394531250000000000e+00
4.439290364583333037e+00
4.427083333333333037e+00
4.431152343750000000e+00
4.423014322916666963e+00
4.418945312500000000e+00
4.435221354166666963e+00
4.414876302083333037e+00
4.414876302083333037e+00
4.423014322916666963e+00
4.431152343750000000e+00
4.427083333333333037e+00
4.431152343750000000e+00
4.418945312500000000e+00
4.423014322916666963e+00
4.427083333333333037e+00
4.406738281250000000e+00
4.418945312500000000e+00
4.402669270833333925e+00
4.410807291666666963e+00
4.443359375000000000e+00
4.427083333333333037e+00
4.418945312500000000e+00
4.414876302083333037e+00
4.427083333333333037e+00
4.439290364583333037e+00
4.455566406250000000e+00
4.414876302083333037e+00
4.427083333333333037e+00
4.455566406250000000e+00
4.427083333333333037e+00
4.423014322916666963e+00
4.443359375000000000e+00
4.451497395833333925e+00
4.406738281250000000e+00
4.418945312500000000e+00
4.410807291666666963e+00
4.406738281250000000e+00
4.414876302083333037e+00
4.410807291666666963e+00
4.431152343750000000e+00
4.447428385416666075e+00
4.414876302083333037e+00
4.427083333333333037e+00
4.427083333333333037e+00
4.418945312500000000e+00
4.418945312500000000e+00
4.423014322916666963e+00
4.431152343750000000e+00
4.431152343750000000e+00
4.484049479166666963e+00
4.435221354166666963e+00
4.439290364583333037e+00
4.427083333333333037e+00
4.410807291666666963e+00
4.410807291666666963e+00
4.435221354166666963e+00
4.467773437500000000e+00
4.431152343750000000e+00
4.406738281250000000e+00
4.410807291666666963e+00
4.431152343750000000e+00
4.451497395833333925e+00
4.439290364583333037e+00
4.443359375000000000e+00
4.443359375000000000e+00
4.406738281250000000e+00
4.402669270833333925e+00
4.427083333333333037e+00
4.439290364583333037e+00
4.427083333333333037e+00
4.427083333333333037e+00
4.418945312500000000e+00
4.406738281250000000e+00
4.410807291666666963e+00
4.398600260416666075e+00
4.423014322916666963e+00
4.435221354166666963e+00
4.427083333333333037e+00
4.435221354166666963e+00
4.431152343750000000e+00
4.431152343750000000e+00
4.435221354166666963e+00
4.427083333333333037e+00
4.439290364583333037e+00
4.418945312500000000e+00
4.423014322916666963e+00
4.475911458333333037e+00
4.475911458333333037e+00
4.418945312500000000e+00
4.406738281250000000e+00
4.410807291666666963e+00
4.431152343750000000e+00
4.427083333333333037e+00
4.414876302083333037e+00
4.423014322916666963e+00
4.431152343750000000e+00
4.447428385416666075e+00
4.439290364583333037e+00
4.451497395833333925e+00
4.427083333333333037e+00
4.435221354166666963e+00
4.423014322916666963e+00
4.447428385416666075e+00
4.427083333333333037e+00
4.406738281250000000e+00
4.398600260416666075e+00
4.418945312500000000e+00
4.418945312500000000e+00
4.406738281250000000e+00
4.431152343750000000e+00
4.398600260416666075e+00
4.423014322916666963e+00
4.427083333333333037e+00
4.435221354166666963e+00
4.439290364583333037e+00
4.414876302083333037e+00
4.414876302083333037e+00
4.431152343750000000e+00
4.418945312500000000e+00
4.427083333333333037e+00
4.394531250000000000e+00
4.427083333333333037e+00
4.423014322916666963e+00
4.427083333333333037e+00
4.451497395833333925e+00
4.423014322916666963e+00
4.435221354166666963e+00
4.423014322916666963e+00
4.394531250000000000e+00
4.414876302083333037e+00
4.427083333333333037e+00
4.402669270833333925e+00
4.394531250000000000e+00
4.431152343750000000e+00
4.414876302083333037e+00
4.414876302083333037e+00
4.423014322916666963e+00
4.414876302083333037e+00
4.435221354166666963e+00
4.439290364583333037e+00
4.459635416666666075e+00
4.418945312500000000e+00
4.435221354166666963e+00
4.423014322916666963e+00
4.418945312500000000e+00
4.439290364583333037e+00
4.447428385416666075e+00
4.439290364583333037e+00
4.431152343750000000e+00
4.447428385416666075e+00
4.435221354166666963e+00
4.443359375000000000e+00
4.418945312500000000e+00
4.435221354166666963e+00
4.431152343750000000e+00
4.406738281250000000e+00
4.423014322916666963e+00
4.406738281250000000e+00
4.427083333333333037e+00
4.414876302083333037e+00
4.398600260416666075e+00
4.423014322916666963e+00
4.418945312500000000e+00
4.402669270833333925e+00
4.451497395833333925e+00
4.435221354166666963e+00
4.427083333333333037e+00
4.402669270833333925e+00
4.414876302083333037e+00
4.435221354166666963e+00
4.431152343750000000e+00
4.427083333333333037e+00
4.431152343750000000e+00
4.431152343750000000e+00
4.423014322916666963e+00
4.414876302083333037e+00
4.435221354166666963e+00
4.427083333333333037e+00
4.451497395833333925e+00
4.447428385416666075e+00
4.410807291666666963e+00
4.427083333333333037e+00
4.402669270833333925e+00
4.431152343750000000e+00
4.435221354166666963e+00
4.443359375000000000e+00
4.439290364583333037e+00
4.427083333333333037e+00
4.378255208333333037e+00
4.418945312500000000e+00
4.431152343750000000e+00
4.427083333333333037e+00
4.423014322916666963e+00
4.423014322916666963e+00
4.406738281250000000e+00
4.431152343750000000e+00
4.410807291666666963e+00
4.447428385416666075e+00
4.435221354166666963e+00
4.451497395833333925e+00
4.447428385416666075e+00
4.402669270833333925e+00
4.423014322916666963e+00
4.414876302083333037e+00
4.435221354166666963e+00
4.443359375000000000e+00
4.447428385416666075e+00
4.435221354166666963e+00
4.423014322916666963e+00
4.435221354166666963e+00
4.423014322916666963e+00
4.435221354166666963e+00
4.402669270833333925e+00
4.410807291666666963e+00
4.418945312500000000e+00
4.414876302083333037e+00
4.427083333333333037e+00
4.402669270833333925e+00
4.414876302083333037e+00
4.410807291666666963e+00
4.439290364583333037e+00
4.451497395833333925e+00
4.423014322916666963e+00
4.418945312500000000e+00
4.402669270833333925e+00
4.414876302083333037e+00
4.418945312500000000e+00
4.443359375000000000e+00
4.394531250000000000e+00
4.435221354166666963e+00
4.435221354166666963e+00
4.435221354166666963e+00
4.439290364583333037e+00
4.439290364583333037e+00
4.431152343750000000e+00
4.435221354166666963e+00
4.431152343750000000e+00
4.443359375000000000e+00
4.447428385416666075e+00
4.386393229166666075e+00
4.435221354166666963e+00
4.435221354166666963e+00
4.427083333333333037e+00
4.418945312500000000e+00
4.447428385416666075e+00
4.427083333333333037e+00
4.414876302083333037e+00
4.431152343750000000e+00
4.406738281250000000e+00
4.414876302083333037e+00
4.418945312500000000e+00
4.414876302083333037e+00
4.418945312500000000e+00
4.418945312500000000e+00
4.427083333333333037e+00
4.431152343750000000e+00
4.414876302083333037e+00
4.418945312500000000e+00
4.414876302083333037e+00
4.418945312500000000e+00
4.418945312500000000e+00
4.431152343750000000e+00
4.427083333333333037e+00
4.431152343750000000e+00
4.414876302083333037e+00
4.431152343750000000e+00
4.406738281250000000e+00
4.423014322916666963e+00
4.431152343750000000e+00
4.414876302083333037e+00
4.414876302083333037e+00
4.423014322916666963e+00
4.427083333333333037e+00
4.418945312500000000e+00
4.427083333333333037e+00
4.435221354166666963e+00
4.414876302083333037e+00
4.435221354166666963e+00
4.414876302083333037e+00
4.427083333333333037e+00
4.431152343750000000e+00
4.414876302083333037e+00
4.439290364583333037e+00
4.431152343750000000e+00
4.435221354166666963e+00
4.427083333333333037e+00
4.402669270833333925e+00
4.423014322916666963e+00
4.439290364583333037e+00
4.418945312500000000e+00
4.410807291666666963e+00
4.431152343750000000e+00
4.439290364583333037e+00
4.418945312500000000e+00
4.410807291666666963e+00
4.418945312500000000e+00
4.423014322916666963e+00
4.414876302083333037e+00
4.410807291666666963e+00
4.398600260416666075e+00
4.414876302083333037e+00
4.447428385416666075e+00
4.427083333333333037e+00
4.427083333333333037e+00
4.427083333333333037e+00
4.443359375000000000e+00
4.402669270833333925e+00
4.423014322916666963e+00
4.423014322916666963e+00
4.406738281250000000e+00
4.431152343750000000e+00
4.423014322916666963e+00
4.447428385416666075e+00
4.427083333333333037e+00
4.406738281250000000e+00
4.423014322916666963e+00
4.402669270833333925e+00
4.427083333333333037e+00
4.418945312500000000e+00
4.431152343750000000e+00
4.427083333333333037e+00
4.423014322916666963e+00
4.459635416666666075e+00
4.447428385416666075e+00
4.435221354166666963e+00
4.427083333333333037e+00
4.410807291666666963e+00
4.423014322916666963e+00
4.406738281250000000e+00
4.439290364583333037e+00
4.427083333333333037e+00
4.431152343750000000e+00
4.406738281250000000e+00
4.423014322916666963e+00
4.435221354166666963e+00
4.431152343750000000e+00
4.427083333333333037e+00
4.423014322916666963e+00
4.410807291666666963e+00
4.435221354166666963e+00
4.435221354166666963e+00
4.423014322916666963e+00
4.431152343750000000e+00
4.418945312500000000e+00
4.467773437500000000e+00
4.427083333333333037e+00
4.427083333333333037e+00
4.435221354166666963e+00
4.431152343750000000e+00
4.435221354166666963e+00
4.423014322916666963e+00
4.414876302083333037e+00
4.410807291666666963e+00
4.455566406250000000e+00
4.427083333333333037e+00
4.414876302083333037e+00
4.423014322916666963e+00
4.427083333333333037e+00
4.431152343750000000e+00
4.443359375000000000e+00
4.435221354166666963e+00
4.423014322916666963e+00
4.406738281250000000e+00
4.414876302083333037e+00
4.406738281250000000e+00
4.455566406250000000e+00
4.463704427083333925e+00
4.418945312500000000e+00
4.427083333333333037e+00
4.447428385416666075e+00
4.418945312500000000e+00
4.431152343750000000e+00
4.447428385416666075e+00
4.427083333333333037e+00
4.447428385416666075e+00
4.439290364583333037e+00
4.423014322916666963e+00
4.414876302083333037e+00
4.418945312500000000e+00
4.427083333333333037e+00
4.447428385416666075e+00
4.414876302083333037e+00
4.406738281250000000e+00
4.423014322916666963e+00
4.423014322916666963e+00
4.439290364583333037e+00
4.439290364583333037e+00
4.435221354166666963e+00
4.427083333333333037e+00
4.414876302083333037e+00
4.410807291666666963e+00
4.427083333333333037e+00
4.427083333333333037e+00
4.423014322916666963e+00
4.414876302083333037e+00
4.402669270833333925e+00
4.398600260416666075e+00
4.447428385416666075e+00
4.431152343750000000e+00
4.418945312500000000e+00
4.431152343750000000e+00
4.402669270833333925e+00
4.418945312500000000e+00
4.406738281250000000e+00
4.410807291666666963e+00
4.455566406250000000e+00
4.435221354166666963e+00
4.414876302083333037e+00
4.418945312500000000e+00
4.418945312500000000e+00
4.418945312500000000e+00
4.418945312500000000e+00
4.427083333333333037e+00
4.406738281250000000e+00
4.431152343750000000e+00
4.394531250000000000e+00
4.431152343750000000e+00
4.423014322916666963e+00
4.443359375000000000e+00
4.435221354166666963e+00
4.427083333333333037e+00
4.439290364583333037e+00
4.410807291666666963e+00
4.418945312500000000e+00
4.423014322916666963e+00
4.431152343750000000e+00
4.418945312500000000e+00
4.451497395833333925e+00
4.443359375000000000e+00
4.427083333333333037e+00
4.439290364583333037e+00
4.439290364583333037e+00
4.443359375000000000e+00
4.406738281250000000e+00
4.435221354166666963e+00
4.423014322916666963e+00
4.423014322916666963e+00
4.423014322916666963e+00
4.414876302083333037e+00
4.443359375000000000e+00
4.427083333333333037e+00
4.455566406250000000e+00
4.439290364583333037e+00
4.410807291666666963e+00
4.418945312500000000e+00
4.451497395833333925e+00
4.414876302083333037e+00
4.414876302083333037e+00
4.431152343750000000e+00
4.431152343750000000e+00
4.423014322916666963e+00
4.427083333333333037e+00
4.435221354166666963e+00
4.431152343750000000e+00
4.423014322916666963e+00
4.443359375000000000e+00
4.414876302083333037e+00
4.435221354166666963e+00
4.427083333333333037e+00
4.406738281250000000e+00
4.414876302083333037e+00
4.431152343750000000e+00
4.431152343750000000e+00
4.427083333333333037e+00
4.423014322916666963e+00
4.394531250000000000e+00
4.402669270833333925e+00
4.427083333333333037e+00
4.402669270833333925e+00
4.398600260416666075e+00
4.418945312500000000e+00
4.414876302083333037e+00
4.406738281250000000e+00
4.406738281250000000e+00
4.431152343750000000e+00
4.410807291666666963e+00
4.427083333333333037e+00
4.427083333333333037e+00
4.427083333333333037e+00
4.439290364583333037e+00
4.435221354166666963e+00
4.427083333333333037e+00
4.414876302083333037e+00
4.423014322916666963e+00
4.431152343750000000e+00
4.427083333333333037e+00
4.435221354166666963e+00
4.431152343750000000e+00
4.414876302083333037e+00
4.447428385416666075e+00
4.439290364583333037e+00
4.423014322916666963e+00
4.431152343750000000e+00
4.435221354166666963e+00
4.402669270833333925e+00
4.423014322916666963e+00
4.410807291666666963e+00
4.406738281250000000e+00
4.418945312500000000e+00
4.427083333333333037e+00
4.414876302083333037e+00
4.431152343750000000e+00
4.402669270833333925e+00
4.435221354166666963e+00
4.431152343750000000e+00
4.447428385416666075e+00
4.410807291666666963e+00
4.447428385416666075e+00
4.423014322916666963e+00
4.418945312500000000e+00
4.418945312500000000e+00
4.410807291666666963e+00
4.455566406250000000e+00
4.427083333333333037e+00
4.414876302083333037e+00
4.423014322916666963e+00
4.414876302083333037e+00
4.414876302083333037e+00
4.390462239583333925e+00
4.475911458333333037e+00
4.447428385416666075e+00
4.414876302083333037e+00
4.443359375000000000e+00
4.447428385416666075e+00
4.402669270833333925e+00
4.410807291666666963e+00
4.435221354166666963e+00
4.418945312500000000e+00
4.402669270833333925e+00
4.435221354166666963e+00
4.427083333333333037e+00
4.427083333333333037e+00
4.414876302083333037e+00
4.439290364583333037e+00
4.447428385416666075e+00
4.439290364583333037e+00
4.447428385416666075e+00
4.447428385416666075e+00
4.439290364583333037e+00
4.443359375000000000e+00
4.423014322916666963e+00
4.414876302083333037e+00
4.423014322916666963e+00
4.459635416666666075e+00
4.455566406250000000e+00
4.459635416666666075e+00
4.447428385416666075e+00
4.427083333333333037e+00
4.431152343750000000e+00
4.423014322916666963e+00
4.423014322916666963e+00
4.427083333333333037e+00
4.414876302083333037e+00
4.427083333333333037e+00
4.431152343750000000e+00
4.427083333333333037e+00
4.439290364583333037e+00
4.439290364583333037e+00
4.431152343750000000e+00
4.427083333333333037e+00
4.398600260416666075e+00
4.414876302083333037e+00
4.431152343750000000e+00
4.414876302083333037e+00
4.418945312500000000e+00
4.410807291666666963e+00
4.418945312500000000e+00
4.427083333333333037e+00
4.439290364583333037e+00
4.423014322916666963e+00
4.414876302083333037e+00
4.431152343750000000e+00
4.427083333333333037e+00
4.439290364583333037e+00
4.427083333333333037e+00
4.435221354166666963e+00
4.410807291666666963e+00
4.410807291666666963e+00
4.406738281250000000e+00
4.414876302083333037e+00
4.431152343750000000e+00
4.447428385416666075e+00
4.447428385416666075e+00
4.427083333333333037e+00
4.427083333333333037e+00
4.435221354166666963e+00
4.435221354166666963e+00
4.423014322916666963e+00
4.414876302083333037e+00
4.443359375000000000e+00
4.418945312500000000e+00
4.410807291666666963e+00
4.406738281250000000e+00
4.402669270833333925e+00
4.418945312500000000e+00
4.382324218750000000e+00
4.418945312500000000e+00
4.406738281250000000e+00
4.418945312500000000e+00
4.414876302083333037e+00
4.410807291666666963e+00
4.406738281250000000e+00
4.423014322916666963e+00
4.459635416666666075e+00
4.406738281250000000e+00
4.467773437500000000e+00
4.435221354166666963e+00
4.439290364583333037e+00
4.423014322916666963e+00
4.418945312500000000e+00
4.431152343750000000e+00
4.439290364583333037e+00
4.414876302083333037e+00
4.418945312500000000e+00
4.410807291666666963e+00
4.414876302083333037e+00
4.410807291666666963e+00
4.410807291666666963e+00
4.435221354166666963e+00
4.427083333333333037e+00
4.418945312500000000e+00
4.423014322916666963e+00
4.406738281250000000e+00
4.410807291666666963e+00
4.427083333333333037e+00
4.418945312500000000e+00
4.435221354166666963e+00
4.418945312500000000e+00
4.406738281250000000e+00
4.410807291666666963e+00
4.394531250000000000e+00
4.431152343750000000e+00
4.443359375000000000e+00
4.398600260416666075e+00
4.406738281250000000e+00
4.402669270833333925e+00
4.431152343750000000e+00
4.406738281250000000e+00
4.427083333333333037e+00
4.406738281250000000e+00
4.431152343750000000e+00
4.427083333333333037e+00
4.410807291666666963e+00
4.414876302083333037e+00
4.431152343750000000e+00
4.443359375000000000e+00
4.423014322916666963e+00
4.431152343750000000e+00
4.423014322916666963e+00
4.418945312500000000e+00
4.439290364583333037e+00
4.427083333333333037e+00
4.427083333333333037e+00
4.431152343750000000e+00
4.406738281250000000e+00
4.435221354166666963e+00
4.435221354166666963e+00
4.431152343750000000e+00
4.402669270833333925e+00
4.427083333333333037e+00
4.402669270833333925e+00
4.406738281250000000e+00
4.427083333333333037e+00
4.447428385416666075e+00
4.414876302083333037e+00
4.418945312500000000e+00
4.410807291666666963e+00
4.418945312500000000e+00
4.423014322916666963e+00
4.394531250000000000e+00
4.431152343750000000e+00
4.406738281250000000e+00
4.410807291666666963e+00
4.423014322916666963e+00
4.410807291666666963e+00
4.423014322916666963e+00
4.423014322916666963e+00
4.423014322916666963e+00
4.414876302083333037e+00
4.410807291666666963e+00
4.431152343750000000e+00
4.455566406250000000e+00
4.423014322916666963e+00
4.439290364583333037e+00
4.427083333333333037e+00
4.435221354166666963e+00
4.410807291666666963e+00
4.435221354166666963e+00
4.431152343750000000e+00
4.431152343750000000e+00
4.427083333333333037e+00
4.427083333333333037e+00
4.451497395833333925e+00
4.423014322916666963e+00
4.427083333333333037e+00
4.427083333333333037e+00
4.406738281250000000e+00
4.423014322916666963e+00
4.427083333333333037e+00
4.435221354166666963e+00
4.418945312500000000e+00
4.431152343750000000e+00
4.431152343750000000e+00
4.423014322916666963e+00
4.398600260416666075e+00
4.414876302083333037e+00
4.443359375000000000e+00
4.414876302083333037e+00
4.447428385416666075e+00
4.423014322916666963e+00
4.418945312500000000e+00
4.402669270833333925e+00
4.410807291666666963e+00
4.435221354166666963e+00
4.418945312500000000e+00
4.406738281250000000e+00
4.423014322916666963e+00
4.418945312500000000e+00
4.435221354166666963e+00
4.455566406250000000e+00
4.402669270833333925e+00
4.427083333333333037e+00
4.431152343750000000e+00
4.427083333333333037e+00
4.463704427083333925e+00
4.443359375000000000e+00
4.427083333333333037e+00
4.447428385416666075e+00
4.410807291666666963e+00
4.418945312500000000e+00
4.414876302083333037e+00
4.443359375000000000e+00
4.423014322916666963e+00
4.418945312500000000e+00
4.398600260416666075e+00
4.414876302083333037e+00
4.443359375000000000e+00
4.423014322916666963e+00
4.431152343750000000e+00
4.410807291666666963e+00
4.423014322916666963e+00
4.443359375000000000e+00
4.427083333333333037e+00
4.431152343750000000e+00
4.447428385416666075e+00
4.427083333333333037e+00
4.439290364583333037e+00
4.418945312500000000e+00
4.439290364583333037e+00
4.427083333333333037e+00
4.431152343750000000e+00
4.423014322916666963e+00
4.447428385416666075e+00
4.414876302083333037e+00
4.402669270833333925e+00
4.443359375000000000e+00
4.427083333333333037e+00
4.435221354166666963e+00
4.410807291666666963e+00
4.427083333333333037e+00
4.439290364583333037e+00
4.447428385416666075e+00
4.435221354166666963e+00
4.410807291666666963e+00
4.427083333333333037e+00
4.447428385416666075e+00
4.443359375000000000e+00
4.406738281250000000e+00
4.451497395833333925e+00
4.402669270833333925e+00
4.427083333333333037e+00
4.435221354166666963e+00
4.427083333333333037e+00
4.443359375000000000e+00
4.402669270833333925e+00
4.439290364583333037e+00
4.443359375000000000e+00
4.418945312500000000e+00
4.435221354166666963e+00
4.427083333333333037e+00
4.443359375000000000e+00
4.439290364583333037e+00
4.427083333333333037e+00
4.435221354166666963e+00
4.394531250000000000e+00
4.439290364583333037e+00
4.394531250000000000e+00
4.427083333333333037e+00
4.435221354166666963e+00
4.418945312500000000e+00
4.447428385416666075e+00
4.427083333333333037e+00
4.435221354166666963e+00
4.398600260416666075e+00
4.427083333333333037e+00
4.435221354166666963e+00
4.439290364583333037e+00
4.435221354166666963e+00
4.439290364583333037e+00
4.427083333333333037e+00
4.439290364583333037e+00
4.431152343750000000e+00
4.431152343750000000e+00
4.398600260416666075e+00
4.427083333333333037e+00
4.423014322916666963e+00
4.402669270833333925e+00
4.406738281250000000e+00
4.427083333333333037e+00
4.418945312500000000e+00
4.402669270833333925e+00
4.410807291666666963e+00
4.402669270833333925e+00
4.435221354166666963e+00
4.435221354166666963e+00
4.423014322916666963e+00
4.418945312500000000e+00
4.414876302083333037e+00
4.447428385416666075e+00
4.423014322916666963e+00
4.431152343750000000e+00
4.435221354166666963e+00
4.386393229166666075e+00
4.427083333333333037e+00
4.410807291666666963e+00
4.410807291666666963e+00
4.431152343750000000e+00
4.439290364583333037e+00
4.418945312500000000e+00
4.414876302083333037e+00
4.423014322916666963e+00
4.427083333333333037e+00
4.410807291666666963e+00
4.435221354166666963e+00
4.418945312500000000e+00
4.418945312500000000e+00
4.423014322916666963e+00
4.439290364583333037e+00
4.427083333333333037e+00
4.418945312500000000e+00
4.402669270833333925e+00
4.414876302083333037e+00
4.414876302083333037e+00
4.418945312500000000e+00
4.431152343750000000e+00
4.447428385416666075e+00
4.439290364583333037e+00
4.394531250000000000e+00
4.423014322916666963e+00
4.414876302083333037e+00
4.431152343750000000e+00
4.443359375000000000e+00
4.427083333333333037e+00
4.451497395833333925e+00
4.427083333333333037e+00
4.427083333333333037e+00
4.427083333333333037e+00
4.451497395833333925e+00
4.418945312500000000e+00
4.431152343750000000e+00
4.418945312500000000e+00
4.418945312500000000e+00
4.423014322916666963e+00
4.414876302083333037e+00
4.455566406250000000e+00
4.394531250000000000e+00
4.418945312500000000e+00
4.418945312500000000e+00
4.439290364583333037e+00
4.402669270833333925e+00
4.402669270833333925e+00
4.427083333333333037e+00
4.427083333333333037e+00
4.402669270833333925e+00
4.402669270833333925e+00
4.410807291666666963e+00
4.435221354166666963e+00
4.406738281250000000e+00
4.406738281250000000e+00
4.443359375000000000e+00
4.406738281250000000e+00
4.414876302083333037e+00
4.427083333333333037e+00
4.427083333333333037e+00
4.410807291666666963e+00
4.427083333333333037e+00
4.431152343750000000e+00
4.439290364583333037e+00
4.423014322916666963e+00
4.414876302083333037e+00
4.418945312500000000e+00
4.414876302083333037e+00
4.406738281250000000e+00
4.414876302083333037e+00
4.423014322916666963e+00
4.443359375000000000e+00
4.410807291666666963e+00
4.427083333333333037e+00
4.447428385416666075e+00
4.414876302083333037e+00
4.447428385416666075e+00
4.427083333333333037e+00
4.439290364583333037e+00
4.418945312500000000e+00
4.443359375000000000e+00
4.418945312500000000e+00
4.418945312500000000e+00
4.443359375000000000e+00
4.443359375000000000e+00
4.455566406250000000e+00
4.431152343750000000e+00
4.414876302083333037e+00
4.459635416666666075e+00
4.423014322916666963e+00
4.410807291666666963e+00
4.443359375000000000e+00
4.423014322916666963e+00
4.410807291666666963e+00
4.414876302083333037e+00
4.406738281250000000e+00
4.443359375000000000e+00
4.427083333333333037e+00
4.398600260416666075e+00
4.418945312500000000e+00
4.418945312500000000e+00
4.431152343750000000e+00
4.439290364583333037e+00
4.418945312500000000e+00
4.435221354166666963e+00
4.418945312500000000e+00
4.418945312500000000e+00
4.427083333333333037e+00
4.435221354166666963e+00
4.423014322916666963e+00
4.439290364583333037e+00
4.418945312500000000e+00
4.423014322916666963e+00
4.431152343750000000e+00
4.431152343750000000e+00
4.423014322916666963e+00
4.443359375000000000e+00
4.439290364583333037e+00
4.410807291666666963e+00
4.423014322916666963e+00
4.418945312500000000e+00
4.418945312500000000e+00
4.435221354166666963e+00
4.406738281250000000e+00
4.431152343750000000e+00
4.431152343750000000e+00
4.443359375000000000e+00
4.414876302083333037e+00
4.418945312500000000e+00
4.418945312500000000e+00
4.414876302083333037e+00
4.427083333333333037e+00
4.427083333333333037e+00
4.423014322916666963e+00
4.414876302083333037e+00
4.414876302083333037e+00
4.406738281250000000e+00
4.431152343750000000e+00
4.406738281250000000e+00
4.427083333333333037e+00
4.418945312500000000e+00
4.418945312500000000e+00
4.423014322916666963e+00
4.423014322916666963e+00
4.435221354166666963e+00
4.431152343750000000e+00
4.447428385416666075e+00
4.431152343750000000e+00
4.418945312500000000e+00
4.418945312500000000e+00
4.431152343750000000e+00
4.414876302083333037e+00
4.418945312500000000e+00
4.463704427083333925e+00
4.427083333333333037e+00
4.402669270833333925e+00
4.423014322916666963e+00
4.431152343750000000e+00
4.431152343750000000e+00
4.427083333333333037e+00
4.414876302083333037e+00
4.418945312500000000e+00
4.423014322916666963e+00
4.418945312500000000e+00
4.451497395833333925e+00
4.427083333333333037e+00
4.443359375000000000e+00
4.414876302083333037e+00
4.423014322916666963e+00
4.406738281250000000e+00
4.418945312500000000e+00
4.439290364583333037e+00
4.423014322916666963e+00
4.431152343750000000e+00
4.406738281250000000e+00
4.423014322916666963e+00
4.443359375000000000e+00
4.431152343750000000e+00
4.447428385416666075e+00
4.418945312500000000e+00
4.418945312500000000e+00
4.423014322916666963e+00
4.427083333333333037e+00
4.418945312500000000e+00
4.427083333333333037e+00
4.402669270833333925e+00
4.410807291666666963e+00
4.418945312500000000e+00
4.402669270833333925e+00
4.423014322916666963e+00
4.423014322916666963e+00
4.427083333333333037e+00
4.443359375000000000e+00
4.447428385416666075e+00
4.431152343750000000e+00
4.410807291666666963e+00
4.418945312500000000e+00
4.447428385416666075e+00
4.431152343750000000e+00
4.410807291666666963e+00
4.418945312500000000e+00
4.398600260416666075e+00
4.423014322916666963e+00
4.455566406250000000e+00
4.427083333333333037e+00
4.443359375000000000e+00
4.427083333333333037e+00
4.423014322916666963e+00
4.427083333333333037e+00
4.410807291666666963e+00
4.427083333333333037e+00
4.410807291666666963e+00
4.435221354166666963e+00
4.435221354166666963e+00
4.431152343750000000e+00
4.443359375000000000e+00
4.414876302083333037e+00
4.390462239583333925e+00
4.410807291666666963e+00
4.435221354166666963e+00
4.439290364583333037e+00
4.427083333333333037e+00
4.427083333333333037e+00
4.431152343750000000e+00
4.443359375000000000e+00
4.406738281250000000e+00
4.447428385416666075e+00
4.423014322916666963e+00
4.427083333333333037e+00
4.410807291666666963e+00
4.431152343750000000e+00
4.414876302083333037e+00
4.418945312500000000e+00
4.414876302083333037e+00
4.406738281250000000e+00
4.447428385416666075e+00
4.435221354166666963e+00
4.423014322916666963e+00
4.410807291666666963e+00
4.418945312500000000e+00
4.410807291666666963e+00
4.451497395833333925e+00
4.435221354166666963e+00
4.414876302083333037e+00
4.459635416666666075e+00
4.418945312500000000e+00
4.431152343750000000e+00
4.431152343750000000e+00
4.423014322916666963e+00
4.439290364583333037e+00
4.451497395833333925e+00
4.423014322916666963e+00
4.414876302083333037e+00
4.435221354166666963e+00
4.406738281250000000e+00
4.447428385416666075e+00
4.423014322916666963e+00
4.431152343750000000e+00
4.427083333333333037e+00
4.427083333333333037e+00
4.414876302083333037e+00
4.423014322916666963e+00
4.451497395833333925e+00
4.435221354166666963e+00
4.427083333333333037e+00
4.418945312500000000e+00
4.443359375000000000e+00
4.455566406250000000e+00
4.435221354166666963e+00
4.435221354166666963e+00
4.423014322916666963e+00
4.418945312500000000e+00
4.418945312500000000e+00
4.439290364583333037e+00
4.410807291666666963e+00
4.447428385416666075e+00
4.402669270833333925e+00
4.418945312500000000e+00
4.423014322916666963e+00
4.435221354166666963e+00
4.431152343750000000e+00
4.435221354166666963e+00
4.414876302083333037e+00
4.414876302083333037e+00
4.431152343750000000e+00
4.443359375000000000e+00
4.410807291666666963e+00
4.418945312500000000e+00
4.427083333333333037e+00
4.435221354166666963e+00
4.423014322916666963e+00
4.427083333333333037e+00
4.414876302083333037e+00
4.443359375000000000e+00
4.423014322916666963e+00
4.435221354166666963e+00
4.431152343750000000e+00
4.447428385416666075e+00
4.435221354166666963e+00
4.427083333333333037e+00
4.406738281250000000e+00
4.402669270833333925e+00
4.447428385416666075e+00
4.423014322916666963e+00
4.451497395833333925e+00
4.439290364583333037e+00
4.431152343750000000e+00
4.418945312500000000e+00
4.431152343750000000e+00
4.443359375000000000e+00
4.451497395833333925e+00
4.451497395833333925e+00
4.423014322916666963e+00
4.414876302083333037e+00
4.431152343750000000e+00
4.443359375000000000e+00
4.418945312500000000e+00
4.427083333333333037e+00
4.423014322916666963e+00
4.423014322916666963e+00
4.427083333333333037e+00
4.439290364583333037e+00
4.439290364583333037e+00
4.423014322916666963e+00
4.423014322916666963e+00
4.427083333333333037e+00
4.410807291666666963e+00
4.427083333333333037e+00
4.455566406250000000e+00
4.443359375000000000e+00
4.406738281250000000e+00
4.423014322916666963e+00
4.410807291666666963e+00
4.431152343750000000e+00
4.427083333333333037e+00
4.423014322916666963e+00
4.435221354166666963e+00
4.406738281250000000e+00
4.410807291666666963e+00
4.410807291666666963e+00
4.427083333333333037e+00
4.398600260416666075e+00
4.435221354166666963e+00
4.427083333333333037e+00
4.427083333333333037e+00
4.423014322916666963e+00
4.435221354166666963e+00
4.418945312500000000e+00
4.435221354166666963e+00
4.443359375000000000e+00
4.435221354166666963e+00
4.423014322916666963e+00
4.435221354166666963e+00
4.431152343750000000e+00
4.423014322916666963e+00
4.427083333333333037e+00
4.406738281250000000e+00
4.398600260416666075e+00
4.423014322916666963e+00
4.439290364583333037e+00
4.443359375000000000e+00
4.406738281250000000e+00
4.406738281250000000e+00
4.439290364583333037e+00
4.439290364583333037e+00
4.423014322916666963e+00
4.447428385416666075e+00
4.410807291666666963e+00
4.410807291666666963e+00
4.410807291666666963e+00
4.435221354166666963e+00
4.431152343750000000e+00
4.435221354166666963e+00
4.423014322916666963e+00
4.394531250000000000e+00
4.418945312500000000e+00
4.435221354166666963e+00
4.414876302083333037e+00
4.435221354166666963e+00
4.414876302083333037e+00
4.443359375000000000e+00
4.439290364583333037e+00
4.414876302083333037e+00
4.431152343750000000e+00
4.386393229166666075e+00
4.443359375000000000e+00
4.394531250000000000e+00
4.443359375000000000e+00
4.414876302083333037e+00
4.410807291666666963e+00
4.410807291666666963e+00
4.398600260416666075e+00
4.410807291666666963e+00
4.414876302083333037e+00
4.443359375000000000e+00
4.410807291666666963e+00
4.414876302083333037e+00
4.418945312500000000e+00
4.423014322916666963e+00
4.435221354166666963e+00
4.427083333333333037e+00
4.427083333333333037e+00
4.427083333333333037e+00
4.423014322916666963e+00
4.414876302083333037e+00
4.435221354166666963e+00
4.431152343750000000e+00
4.410807291666666963e+00
4.410807291666666963e+00
4.414876302083333037e+00
4.423014322916666963e+00
4.398600260416666075e+00
4.418945312500000000e+00
4.418945312500000000e+00
4.423014322916666963e+00
4.406738281250000000e+00
4.414876302083333037e+00
4.447428385416666075e+00
4.431152343750000000e+00
4.427083333333333037e+00
4.423014322916666963e+00
4.423014322916666963e+00
4.414876302083333037e+00
4.414876302083333037e+00
4.431152343750000000e+00
4.423014322916666963e+00
4.418945312500000000e+00
4.439290364583333037e+00
4.443359375000000000e+00
4.431152343750000000e+00
4.418945312500000000e+00
4.418945312500000000e+00
4.427083333333333037e+00
4.410807291666666963e+00
4.431152343750000000e+00
4.427083333333333037e+00
4.410807291666666963e+00
4.443359375000000000e+00
4.439290364583333037e+00
4.447428385416666075e+00
4.427083333333333037e+00
4.398600260416666075e+00
4.414876302083333037e+00
4.451497395833333925e+00
4.410807291666666963e+00
4.418945312500000000e+00
4.435221354166666963e+00
4.423014322916666963e+00
4.406738281250000000e+00
4.431152343750000000e+00
4.431152343750000000e+00
4.423014322916666963e+00
4.423014322916666963e+00
4.418945312500000000e+00
4.431152343750000000e+00
4.414876302083333037e+00
4.418945312500000000e+00
4.418945312500000000e+00
4.431152343750000000e+00
4.439290364583333037e+00
4.443359375000000000e+00
4.418945312500000000e+00
4.427083333333333037e+00
4.414876302083333037e+00
4.423014322916666963e+00
4.427083333333333037e+00
4.447428385416666075e+00
4.435221354166666963e+00
4.418945312500000000e+00
4.418945312500000000e+00
4.406738281250000000e+00
4.439290364583333037e+00
4.410807291666666963e+00
4.443359375000000000e+00
4.386393229166666075e+00
4.447428385416666075e+00
4.427083333333333037e+00
4.406738281250000000e+00
4.406738281250000000e+00
4.423014322916666963e+00
4.410807291666666963e+00
4.418945312500000000e+00
4.435221354166666963e+00
4.435221354166666963e+00
4.414876302083333037e+00
4.410807291666666963e+00
4.435221354166666963e+00
4.431152343750000000e+00
4.435221354166666963e+00
4.402669270833333925e+00
4.402669270833333925e+00
4.423014322916666963e+00
4.418945312500000000e+00
4.423014322916666963e+00
4.402669270833333925e+00
4.414876302083333037e+00
4.435221354166666963e+00
4.423014322916666963e+00
4.443359375000000000e+00
4.423014322916666963e+00
4.435221354166666963e+00
4.431152343750000000e+00
4.427083333333333037e+00
4.435221354166666963e+00
4.451497395833333925e+00
4.418945312500000000e+00
4.435221354166666963e+00
4.427083333333333037e+00
4.431152343750000000e+00
4.427083333333333037e+00
4.435221354166666963e+00
4.418945312500000000e+00
4.431152343750000000e+00
4.410807291666666963e+00
4.427083333333333037e+00
4.423014322916666963e+00
4.410807291666666963e+00
4.406738281250000000e+00
4.414876302083333037e+00
4.443359375000000000e+00
4.423014322916666963e+00
4.414876302083333037e+00
4.431152343750000000e+00
4.414876302083333037e+00
4.431152343750000000e+00
4.439290364583333037e+00
4.414876302083333037e+00
4.398600260416666075e+00
4.414876302083333037e+00
4.431152343750000000e+00
4.451497395833333925e+00
4.451497395833333925e+00
4.427083333333333037e+00
4.390462239583333925e+00
4.455566406250000000e+00
4.435221354166666963e+00
4.414876302083333037e+00
4.427083333333333037e+00
4.410807291666666963e+00
4.406738281250000000e+00
4.418945312500000000e+00
4.431152343750000000e+00
4.443359375000000000e+00
4.447428385416666075e+00
4.414876302083333037e+00
4.431152343750000000e+00
4.406738281250000000e+00
4.418945312500000000e+00
4.431152343750000000e+00
4.435221354166666963e+00
4.443359375000000000e+00
4.418945312500000000e+00
4.423014322916666963e+00
4.435221354166666963e+00
4.431152343750000000e+00
4.410807291666666963e+00
4.406738281250000000e+00
4.431152343750000000e+00
4.427083333333333037e+00
4.423014322916666963e+00
4.435221354166666963e+00
4.427083333333333037e+00
4.451497395833333925e+00
4.418945312500000000e+00
4.447428385416666075e+00
4.439290364583333037e+00
4.431152343750000000e+00
4.431152343750000000e+00
4.427083333333333037e+00
4.439290364583333037e+00
4.439290364583333037e+00
4.427083333333333037e+00
4.423014322916666963e+00
4.439290364583333037e+00
4.418945312500000000e+00
4.427083333333333037e+00
4.423014322916666963e+00
4.423014322916666963e+00
4.418945312500000000e+00
4.423014322916666963e+00
4.435221354166666963e+00
4.459635416666666075e+00
4.431152343750000000e+00
4.431152343750000000e+00
4.427083333333333037e+00
4.418945312500000000e+00
4.447428385416666075e+00
4.427083333333333037e+00
4.447428385416666075e+00
4.451497395833333925e+00
4.439290364583333037e+00
4.410807291666666963e+00
4.431152343750000000e+00
4.463704427083333925e+00
4.431152343750000000e+00
4.431152343750000000e+00
4.435221354166666963e+00
4.423014322916666963e+00
4.423014322916666963e+00
4.423014322916666963e+00
4.418945312500000000e+00
4.439290364583333037e+00
4.427083333333333037e+00
4.423014322916666963e+00
4.439290364583333037e+00
4.443359375000000000e+00
4.427083333333333037e+00
4.390462239583333925e+00
4.427083333333333037e+00
4.431152343750000000e+00
4.435221354166666963e+00
4.410807291666666963e+00
4.431152343750000000e+00
4.447428385416666075e+00
4.414876302083333037e+00
4.423014322916666963e+00
4.423014322916666963e+00
4.406738281250000000e+00
4.427083333333333037e+00
4.423014322916666963e+00
4.398600260416666075e+00
4.402669270833333925e+00
4.423014322916666963e+00
4.431152343750000000e+00
4.435221354166666963e+00
4.427083333333333037e+00
4.435221354166666963e+00
4.431152343750000000e+00
4.423014322916666963e+00
4.439290364583333037e+00
4.459635416666666075e+00
4.427083333333333037e+00
4.410807291666666963e+00
4.418945312500000000e+00
4.398600260416666075e+00
4.410807291666666963e+00
4.414876302083333037e+00
4.431152343750000000e+00
4.423014322916666963e+00
4.402669270833333925e+00
4.418945312500000000e+00
4.414876302083333037e+00
4.447428385416666075e+00
4.423014322916666963e+00
4.443359375000000000e+00
4.414876302083333037e+00
4.439290364583333037e+00
4.406738281250000000e+00
4.410807291666666963e+00
4.447428385416666075e+00
4.439290364583333037e+00
4.431152343750000000e+00
4.427083333333333037e+00
4.443359375000000000e+00
4.443359375000000000e+00
4.414876302083333037e+00
4.423014322916666963e+00
4.418945312500000000e+00
4.427083333333333037e+00
4.414876302083333037e+00
4.423014322916666963e+00
4.435221354166666963e+00
4.423014322916666963e+00
4.423014322916666963e+00
4.439290364583333037e+00
4.435221354166666963e+00
4.431152343750000000e+00
4.414876302083333037e+00
4.427083333333333037e+00
4.435221354166666963e+00
4.431152343750000000e+00
4.427083333333333037e+00
4.414876302083333037e+00
4.427083333333333037e+00
4.414876302083333037e+00
4.410807291666666963e+00
4.427083333333333037e+00
4.414876302083333037e+00
4.439290364583333037e+00
4.410807291666666963e+00
4.431152343750000000e+00
4.423014322916666963e+00
4.423014322916666963e+00
4.435221354166666963e+00
4.410807291666666963e+00
4.423014322916666963e+00
4.431152343750000000e+00
4.410807291666666963e+00
4.418945312500000000e+00
4.455566406250000000e+00
4.406738281250000000e+00
4.435221354166666963e+00
4.435221354166666963e+00
4.423014322916666963e+00
4.423014322916666963e+00
4.418945312500000000e+00
4.423014322916666963e+00
4.414876302083333037e+00
4.427083333333333037e+00
4.423014322916666963e+00
4.418945312500000000e+00
4.414876302083333037e+00
4.451497395833333925e+00
4.427083333333333037e+00
4.435221354166666963e+00
4.423014322916666963e+00
4.418945312500000000e+00
4.423014322916666963e+00
4.423014322916666963e+00
4.431152343750000000e+00
4.431152343750000000e+00
4.427083333333333037e+00
4.406738281250000000e+00
4.414876302083333037e+00
4.414876302083333037e+00
4.414876302083333037e+00
4.418945312500000000e+00
4.406738281250000000e+00
4.427083333333333037e+00
4.447428385416666075e+00
4.451497395833333925e+00
4.431152343750000000e+00
4.455566406250000000e+00
4.439290364583333037e+00
4.423014322916666963e+00
4.427083333333333037e+00
4.431152343750000000e+00
4.435221354166666963e+00
4.439290364583333037e+00
4.423014322916666963e+00
4.398600260416666075e+00
4.410807291666666963e+00
4.414876302083333037e+00
4.443359375000000000e+00
4.431152343750000000e+00
4.435221354166666963e+00
4.418945312500000000e+00
4.406738281250000000e+00
4.398600260416666075e+00
4.418945312500000000e+00
4.455566406250000000e+00
4.427083333333333037e+00
4.431152343750000000e+00
4.414876302083333037e+00
4.435221354166666963e+00
4.402669270833333925e+00
4.414876302083333037e+00
4.447428385416666075e+00
4.431152343750000000e+00
4.431152343750000000e+00
4.435221354166666963e+00
4.427083333333333037e+00
4.414876302083333037e+00
4.427083333333333037e+00
4.431152343750000000e+00
4.479980468750000000e+00
4.431152343750000000e+00
4.443359375000000000e+00
4.435221354166666963e+00
4.414876302083333037e+00
4.410807291666666963e+00
4.447428385416666075e+00
4.435221354166666963e+00
4.427083333333333037e+00
4.439290364583333037e+00
4.410807291666666963e+00
4.431152343750000000e+00
4.398600260416666075e+00
4.435221354166666963e+00
4.427083333333333037e+00
4.431152343750000000e+00
4.410807291666666963e+00
4.443359375000000000e+00
4.435221354166666963e+00
4.431152343750000000e+00
4.459635416666666075e+00
4.414876302083333037e+00
4.423014322916666963e+00
4.394531250000000000e+00
4.431152343750000000e+00
4.414876302083333037e+00
4.414876302083333037e+00
4.439290364583333037e+00
4.431152343750000000e+00
4.439290364583333037e+00
4.435221354166666963e+00
4.410807291666666963e+00
4.431152343750000000e+00
4.423014322916666963e+00
4.390462239583333925e+00
4.418945312500000000e+00
4.423014322916666963e+00
4.418945312500000000e+00
4.402669270833333925e+00
4.435221354166666963e+00
4.418945312500000000e+00
4.414876302083333037e+00
4.390462239583333925e+00
4.431152343750000000e+00
4.439290364583333037e+00
4.414876302083333037e+00
4.410807291666666963e+00
4.427083333333333037e+00
4.427083333333333037e+00
4.439290364583333037e+00
4.418945312500000000e+00
4.431152343750000000e+00
4.435221354166666963e+00
4.418945312500000000e+00
4.398600260416666075e+00
4.435221354166666963e+00
4.423014322916666963e+00
4.398600260416666075e+00
4.418945312500000000e+00
4.451497395833333925e+00
4.435221354166666963e+00
4.443359375000000000e+00
4.439290364583333037e+00
4.427083333333333037e+00
4.410807291666666963e+00
4.418945312500000000e+00
4.418945312500000000e+00
4.427083333333333037e+00
4.418945312500000000e+00
4.447428385416666075e+00
4.455566406250000000e+00
4.414876302083333037e+00
4.418945312500000000e+00
4.431152343750000000e+00
4.443359375000000000e+00
4.406738281250000000e+00
4.410807291666666963e+00
4.447428385416666075e+00
4.439290364583333037e+00
4.427083333333333037e+00
4.423014322916666963e+00
4.423014322916666963e+00
4.423014322916666963e+00
4.427083333333333037e+00
4.418945312500000000e+00
4.418945312500000000e+00
4.435221354166666963e+00
4.414876302083333037e+00
4.410807291666666963e+00
4.410807291666666963e+00
4.443359375000000000e+00
4.435221354166666963e+00
4.431152343750000000e+00
4.427083333333333037e+00
4.414876302083333037e+00
4.406738281250000000e+00
4.418945312500000000e+00
4.439290364583333037e+00
4.418945312500000000e+00
4.398600260416666075e+00
4.390462239583333925e+00
4.414876302083333037e+00
4.439290364583333037e+00
4.418945312500000000e+00
4.418945312500000000e+00
4.435221354166666963e+00
4.410807291666666963e+00
4.418945312500000000e+00
4.427083333333333037e+00
4.443359375000000000e+00
4.423014322916666963e+00
4.435221354166666963e+00
4.439290364583333037e+00
4.418945312500000000e+00
4.423014322916666963e+00
4.431152343750000000e+00
4.439290364583333037e+00
4.431152343750000000e+00
4.439290364583333037e+00
4.418945312500000000e+00
4.443359375000000000e+00
4.414876302083333037e+00
4.423014322916666963e+00
4.431152343750000000e+00
4.427083333333333037e+00
4.435221354166666963e+00
4.427083333333333037e+00
4.423014322916666963e+00
4.427083333333333037e+00
4.418945312500000000e+00
4.418945312500000000e+00
4.406738281250000000e+00
4.402669270833333925e+00
4.406738281250000000e+00
4.423014322916666963e+00
4.414876302083333037e+00
4.410807291666666963e+00
4.435221354166666963e+00
4.414876302083333037e+00
4.427083333333333037e+00
4.435221354166666963e+00
4.451497395833333925e+00
4.423014322916666963e+00
4.418945312500000000e+00
4.423014322916666963e+00
4.418945312500000000e+00
4.418945312500000000e+00
4.427083333333333037e+00
4.398600260416666075e+00
4.418945312500000000e+00
4.427083333333333037e+00
4.431152343750000000e+00
4.427083333333333037e+00
4.431152343750000000e+00
4.435221354166666963e+00
4.423014322916666963e+00
4.410807291666666963e+00
4.418945312500000000e+00
4.423014322916666963e+00
4.435221354166666963e+00
4.439290364583333037e+00
4.492187500000000000e+00
4.431152343750000000e+00
4.427083333333333037e+00
4.435221354166666963e+00
4.435221354166666963e+00
4.435221354166666963e+00
4.418945312500000000e+00
4.418945312500000000e+00
4.418945312500000000e+00
4.439290364583333037e+00
4.443359375000000000e+00
4.431152343750000000e+00
4.418945312500000000e+00
4.431152343750000000e+00
4.427083333333333037e+00
4.418945312500000000e+00
4.414876302083333037e+00
4.410807291666666963e+00
4.402669270833333925e+00
4.410807291666666963e+00
4.410807291666666963e+00
4.418945312500000000e+00
4.439290364583333037e+00
4.431152343750000000e+00
4.402669270833333925e+00
4.414876302083333037e+00
4.406738281250000000e+00
4.386393229166666075e+00
